tp	M	f_A	f_F	input_len	batch_size	iter_lat_us	DA_energy_mj	DF_energy_mj
2	1	690	690	512	4	97644.07	16419.30	19870.48
2	1	690	1170	512	4	87142.27	14867.73	19704.08
2	1	690	1410	512	4	85737.69	14615.91	24021.78
2	1	1170	690	512	4	96733.09	17567.36	19776.73
2	1	1170	1170	512	4	85875.66	15906.19	19621.77
2	1	1170	1410	512	4	84710.62	15629.38	23948.66
2	1	1410	690	512	4	94543.36	20811.58	19476.28
2	1	1410	1170	512	4	85046.82	19049.63	19431.23
2	1	1410	1410	512	4	83853.91	18781.00	23824.06
2	1	690	690	512	32	115783.04	20037.84	23657.06
2	1	690	1170	512	32	107452.56	18666.84	24036.32
2	1	690	1410	512	32	105996.44	18489.77	29727.22
2	1	1170	690	512	32	113378.70	21206.44	23390.92
2	1	1170	1170	512	32	104977.56	19903.53	23953.75
2	1	1170	1410	512	32	103221.62	19513.81	29268.37
2	1	1410	690	512	32	112647.92	25647.99	23146.45
2	1	1410	1170	512	32	106504.50	24436.28	24167.30
2	1	1410	1410	512	32	103495.96	23917.86	29387.22
2	1	690	690	512	128	257677.88	45065.60	52081.57
2	1	690	1170	512	128	239922.17	42350.88	53577.23
2	1	690	1410	512	128	239296.57	42314.36	66801.55
2	1	1170	690	512	128	253573.58	47704.74	51316.99
2	1	1170	1170	512	128	231019.07	44186.70	52261.59
2	1	1170	1410	512	128	228160.20	43904.50	64997.50
2	1	1410	690	512	128	245969.52	56760.41	50521.04
2	1	1410	1170	512	128	227708.73	53457.98	51962.69
2	1	1410	1410	512	128	225321.39	53082.77	64293.72
2	1	690	690	2048	4	102831.98	17496.45	20965.30
2	1	690	1170	2048	4	92189.37	15924.05	20900.09
2	1	690	1410	2048	4	91784.33	15783.03	25720.66
2	1	1170	690	2048	4	100962.16	18531.13	20724.01
2	1	1170	1170	2048	4	91099.96	16972.71	20676.30
2	1	1170	1410	2048	4	89229.26	16612.48	25067.75
2	1	1410	690	2048	4	99385.82	22083.49	20534.55
2	1	1410	1170	2048	4	90506.49	20433.58	20618.55
2	1	1410	1410	2048	4	90951.92	20444.59	25633.64
2	1	690	690	2048	32	148942.68	26259.73	30137.05
2	1	690	1170	2048	32	139847.29	24905.99	31279.27
2	1	690	1410	2048	32	139898.51	24925.80	38866.25
2	1	1170	690	2048	32	145557.67	27686.23	29426.86
2	1	1170	1170	2048	32	135845.74	26240.20	30758.50
2	1	1170	1410	2048	32	134942.99	26047.36	38114.46
2	1	1410	690	2048	32	144387.35	33463.09	29523.59
2	1	1410	1170	2048	32	135128.64	31764.65	30627.40
2	1	1410	1410	2048	32	134393.97	31659.92	38072.50
2	1	690	690	2048	128	342820.65	61294.05	67331.56
2	1	690	1170	2048	128	321528.96	58004.95	69728.43
2	1	690	1410	2048	128	317921.45	57555.81	86758.71
2	1	1170	690	2048	128	326445.56	63540.44	65214.16
2	1	1170	1170	2048	128	309122.33	60764.85	68118.75
2	1	1170	1410	2048	128	305855.75	60340.59	84710.82
2	1	1410	690	2048	128	325880.30	77677.11	65268.63
2	1	1410	1170	2048	128	310716.97	74832.95	68299.53
2	1	1410	1410	2048	128	304150.38	73653.80	84668.14
2	1	450	450	128	1	102211.57	16784.94	20378.52
2	1	450	690	128	1	92151.84	15230.15	19010.20
2	1	450	930	128	1	84268.29	14076.03	18091.09
2	1	450	1170	128	1	82473.62	13853.88	18985.88
2	1	450	1410	128	1	81578.07	13736.27	23427.28
2	1	690	450	128	1	100537.12	16683.28	20231.15
2	1	690	690	128	1	92003.46	15356.96	19093.41
2	1	690	930	128	1	83779.97	14209.70	18047.93
2	1	690	1170	128	1	82350.09	13958.13	19002.39
2	1	690	1410	128	1	81276.81	13861.55	23401.59
2	1	930	450	128	1	99756.63	16905.89	20171.46
2	1	930	690	128	1	90327.02	15360.62	18780.38
2	1	930	930	128	1	82635.38	14266.45	17953.76
2	1	930	1170	128	1	81236.47	14103.27	18926.35
2	1	930	1410	128	1	80279.77	13874.96	23264.57
2	1	1170	450	128	1	98332.24	17650.92	19930.38
2	1	1170	690	128	1	89299.74	16134.48	18660.62
2	1	1170	930	128	1	82016.68	15079.88	17833.73
2	1	1170	1170	128	1	80307.82	14700.99	18709.17
2	1	1170	1410	128	1	78334.01	14429.86	22886.73
2	1	1410	450	128	1	99519.67	21561.41	20079.70
2	1	1410	690	128	1	88692.72	19441.93	18611.66
2	1	1410	930	128	1	81306.49	18021.12	17783.65
2	1	1410	1170	128	1	80152.93	17874.34	18639.58
2	1	1410	1410	128	1	78988.51	17637.25	22970.38
2	1	450	450	128	4	105667.06	17464.02	20951.59
2	1	450	690	128	4	97638.48	16285.79	19990.86
2	1	450	930	128	4	90255.92	15181.60	19079.26
2	1	450	1170	128	4	87111.79	14674.86	19694.62
2	1	450	1410	128	4	85970.57	14509.28	24279.03
2	1	690	450	128	4	102369.63	17121.03	20575.52
2	1	690	690	128	4	96120.69	16110.29	19656.45
2	1	690	930	128	4	88577.70	15019.30	18831.06
2	1	690	1170	128	4	85922.30	14563.85	19460.43
2	1	690	1410	128	4	84955.15	14443.29	23921.64
2	1	930	450	128	4	102433.97	17524.10	20573.66
2	1	930	690	128	4	94419.65	16248.96	19464.05
2	1	930	930	128	4	87204.44	15110.22	18607.16
2	1	930	1170	128	4	84710.89	14666.93	19296.23
2	1	930	1410	128	4	83829.58	14548.97	23740.12
2	1	1170	450	128	4	101572.56	18331.52	20409.88
2	1	1170	690	128	4	93901.58	17089.90	19399.12
2	1	1170	930	128	4	86250.82	15762.02	18471.88
2	1	1170	1170	128	4	83953.49	15458.30	19176.23
2	1	1170	1410	128	4	82970.20	15223.82	23622.30
2	1	1410	450	128	4	101157.48	22059.62	20327.91
2	1	1410	690	128	4	93512.75	20513.36	19318.18
2	1	1410	930	128	4	85706.55	19017.02	18397.90
2	1	1410	1170	128	4	83531.77	18628.34	19117.26
2	1	1410	1410	128	4	82208.31	18386.01	23394.92
2	1	450	450	128	8	106445.67	17643.27	21104.09
2	1	450	690	128	8	98351.21	16444.64	20047.66
2	1	450	930	128	8	90871.22	15347.29	19263.37
2	1	450	1170	128	8	88385.64	14899.75	19975.12
2	1	450	1410	128	8	87343.31	14790.84	24598.53
2	1	690	450	128	8	104977.37	17571.62	20957.04
2	1	690	690	128	8	96680.51	16336.70	19825.11
2	1	690	930	128	8	89523.68	15245.55	19014.38
2	1	690	1170	128	8	85904.11	14679.03	19527.56
2	1	690	1410	128	8	86166.94	14746.04	24366.57
2	1	930	450	128	8	103441.91	17706.46	20737.35
2	1	930	690	128	8	95457.82	16445.53	19698.05
2	1	930	930	128	8	88275.50	15294.04	18793.27
2	1	930	1170	128	8	85463.90	14885.77	19575.52
2	1	930	1410	128	8	85256.95	14840.06	24076.76
2	1	1170	450	128	8	102327.60	18600.79	20683.19
2	1	1170	690	128	8	94243.16	17201.38	19444.03
2	1	1170	930	128	8	87155.52	16055.50	18658.24
2	1	1170	1170	128	8	84554.38	15665.27	19455.84
2	1	1170	1410	128	8	84257.52	15552.15	24051.84
2	1	1410	450	128	8	100761.21	22083.47	20277.55
2	1	1410	690	128	8	94378.95	20884.87	19489.28
2	1	1410	930	128	8	85789.56	19285.30	18453.88
2	1	1410	1170	128	8	83830.72	18818.14	19335.29
2	1	1410	1410	128	8	83085.59	18667.57	23801.33
2	1	450	450	128	16	106900.52	17845.01	21363.45
2	1	450	690	128	16	99885.90	16745.56	20518.49
2	1	450	930	128	16	93685.69	15836.59	19928.02
2	1	450	1170	128	16	91234.78	15492.82	20669.00
2	1	450	1410	128	16	90183.22	15325.58	25544.18
2	1	690	450	128	16	106203.04	17844.39	21237.80
2	1	690	690	128	16	100139.64	16984.32	20522.29
2	1	690	930	128	16	93230.59	16013.93	19844.27
2	1	690	1170	128	16	90426.98	15434.03	20633.04
2	1	690	1410	128	16	89364.70	15344.21	25399.65
2	1	930	450	128	16	104294.04	17974.46	21051.75
2	1	930	690	128	16	98326.81	16973.26	20322.91
2	1	930	930	128	16	91377.15	15865.27	19517.28
2	1	930	1170	128	16	88592.05	15529.23	20405.60
2	1	930	1410	128	16	88734.69	15575.91	25389.84
2	1	1170	450	128	16	104200.22	19074.96	20985.23
2	1	1170	690	128	16	97458.48	17877.60	20134.62
2	1	1170	930	128	16	90780.32	16777.80	19447.64
2	1	1170	1170	128	16	87886.98	16312.73	20240.49
2	1	1170	1410	128	16	87163.16	16164.86	24892.45
2	1	1410	450	128	16	103293.22	22812.06	20870.62
2	1	1410	690	128	16	96729.01	21525.55	20062.66
2	1	1410	930	128	16	90264.23	20223.26	19384.78
2	1	1410	1170	128	16	87513.55	19728.82	20209.12
2	1	1410	1410	128	16	86340.63	19483.54	24799.64
2	1	450	450	128	32	113668.95	19057.66	22168.59
2	1	450	690	128	32	106458.69	17895.57	21482.93
2	1	450	930	128	32	99306.91	16869.23	20695.46
2	1	450	1170	128	32	97669.10	16598.64	21919.83
2	1	450	1410	128	32	96541.57	16453.47	26886.64
2	1	690	450	128	32	111563.99	18878.59	21996.27
2	1	690	690	128	32	104621.50	17809.16	21279.16
2	1	690	930	128	32	97130.55	16725.57	20453.73
2	1	690	1170	128	32	94858.96	16346.72	21455.82
2	1	690	1410	128	32	94046.75	16260.84	26414.73
2	1	930	450	128	32	110063.86	19047.12	21909.74
2	1	930	690	128	32	102975.96	17935.08	21119.32
2	1	930	930	128	32	95449.62	16757.49	20247.64
2	1	930	1170	128	32	94438.95	16644.10	21340.62
2	1	930	1410	128	32	93546.88	16447.10	26260.09
2	1	1170	450	128	32	108644.84	20032.45	21737.25
2	1	1170	690	128	32	102922.03	19013.94	21056.95
2	1	1170	930	128	32	94892.13	17736.39	20074.47
2	1	1170	1170	128	32	93402.30	17549.12	21217.37
2	1	1170	1410	128	32	92568.52	17365.95	26153.09
2	1	1410	450	128	32	107647.56	24099.24	21533.79
2	1	1410	690	128	32	101643.13	22884.92	20887.27
2	1	1410	930	128	32	93811.89	21405.11	19973.23
2	1	1410	1170	128	32	92499.27	21147.38	21088.29
2	1	1410	1410	128	32	91834.36	21079.70	26043.23
2	1	450	450	128	64	124857.29	21175.34	24503.19
2	1	450	690	128	64	117580.68	20085.09	23668.83
2	1	450	930	128	64	110676.25	19009.92	23040.37
2	1	450	1170	128	64	117252.96	19907.98	25544.44
2	1	450	1410	128	64	107549.96	18533.66	29833.05
2	1	690	450	128	64	121494.55	20782.56	24038.62
2	1	690	690	128	64	113872.19	19660.19	23121.24
2	1	690	930	128	64	106396.35	18615.02	22366.52
2	1	690	1170	128	64	104652.37	18203.45	23773.32
2	1	690	1410	128	64	105555.91	18385.25	29515.83
2	1	930	450	128	64	120099.06	20991.54	23954.48
2	1	930	690	128	64	112862.74	19907.28	23084.35
2	1	930	930	128	64	104457.72	18557.18	22146.39
2	1	930	1170	128	64	103498.96	18279.41	23444.44
2	1	930	1410	128	64	102308.90	18319.60	29139.55
2	1	1170	450	128	64	118734.88	22102.72	23757.20
2	1	1170	690	128	64	111568.44	20841.59	22893.30
2	1	1170	930	128	64	110980.67	20628.99	22942.26
2	1	1170	1170	128	64	102353.37	19282.08	23295.01
2	1	1170	1410	128	64	101915.30	19288.87	28926.37
2	1	1410	450	128	64	119817.04	26957.66	23788.23
2	1	1410	690	128	64	112187.56	25520.58	22938.41
2	1	1410	930	128	64	103769.52	23859.67	22008.36
2	1	1410	1170	128	64	101931.21	23518.62	23196.73
2	1	1410	1410	128	64	100686.44	23306.07	28685.51
2	1	450	450	128	128	248135.68	41978.51	48494.04
2	1	450	690	128	128	233038.13	39746.23	47039.30
2	1	450	930	128	128	219005.15	37616.17	45591.93
2	1	450	1170	128	128	220524.66	37710.59	48721.83
2	1	450	1410	128	128	212992.94	36785.83	59476.12
2	1	690	450	128	128	241184.89	41296.23	48018.46
2	1	690	690	128	128	225783.75	39049.75	46029.18
2	1	690	930	128	128	212853.94	37176.58	44772.54
2	1	690	1170	128	128	208671.09	36438.98	47192.12
2	1	690	1410	128	128	209576.34	36602.91	59498.91
2	1	930	450	128	128	243896.98	42496.02	48196.02
2	1	930	690	128	128	222519.93	39355.25	45558.19
2	1	930	930	128	128	206440.55	36771.23	43837.48
2	1	930	1170	128	128	202663.70	36229.94	46268.95
2	1	930	1410	128	128	201651.08	36039.12	57504.90
2	1	1170	450	128	128	235027.55	43983.79	47188.65
2	1	1170	690	128	128	220772.30	41544.30	45462.72
2	1	1170	930	128	128	211948.30	39941.18	44694.58
2	1	1170	1170	128	128	200556.17	38206.92	46006.25
2	1	1170	1410	128	128	202234.37	38517.77	57963.19
2	1	1410	450	128	128	233789.06	53025.22	46882.97
2	1	1410	690	128	128	220031.53	50278.64	45103.58
2	1	1410	930	128	128	204598.44	47293.28	43612.31
2	1	1410	1170	128	128	200633.46	46518.18	46004.18
2	1	1410	1410	128	128	205814.17	47502.36	58224.34
2	1	450	450	128	256	489091.03	82899.83	96274.61
2	1	450	690	128	256	459739.19	78641.91	93011.45
2	1	450	930	128	256	428593.25	73864.34	89963.95
2	1	450	1170	128	256	428010.27	73752.02	95517.61
2	1	450	1410	128	256	419103.96	72602.41	117705.03
2	1	690	450	128	256	476463.70	81738.35	94869.75
2	1	690	690	128	256	459319.46	78939.09	92867.84
2	1	690	930	128	256	419118.90	73167.74	88541.71
2	1	690	1170	128	256	410712.49	71818.10	93129.90
2	1	690	1410	128	256	408350.04	71377.04	116148.02
2	1	930	450	128	256	473623.71	82749.51	94241.98
2	1	930	690	128	256	443882.46	78252.97	90735.04
2	1	930	930	128	256	411349.77	73359.18	87523.26
2	1	930	1170	128	256	405853.89	72225.16	92055.23
2	1	930	1410	128	256	401278.56	71569.32	114501.63
2	1	1170	450	128	256	467466.86	87343.23	93891.24
2	1	1170	690	128	256	437643.84	82431.79	90175.48
2	1	1170	930	128	256	411336.31	77862.30	87185.24
2	1	1170	1170	128	256	397821.54	75800.58	91151.43
2	1	1170	1410	128	256	397237.34	75736.34	114317.27
2	1	1410	450	128	256	464583.64	105684.05	93366.72
2	1	1410	690	128	256	439804.72	100539.74	90268.67
2	1	1410	930	128	256	403180.26	93278.02	86175.58
2	1	1410	1170	128	256	399163.07	92683.05	91341.48
2	1	1410	1410	128	256	389627.51	90695.59	112593.35
2	1	450	450	512	1	101797.16	16824.48	20319.36
2	1	450	690	512	1	92303.90	15339.66	19138.48
2	1	450	930	512	1	84383.17	14232.59	18095.98
2	1	450	1170	512	1	83021.64	13992.62	19140.67
2	1	450	1410	512	1	81421.45	13760.96	23344.40
2	1	690	450	512	1	100166.67	16633.90	20226.03
2	1	690	690	512	1	91697.11	15355.10	18952.05
2	1	690	930	512	1	83733.12	14150.36	18084.47
2	1	690	1170	512	1	81333.15	13800.42	18827.60
2	1	690	1410	512	1	80380.42	13663.71	23283.61
2	1	930	450	512	1	98670.28	16745.55	19902.42
2	1	930	690	512	1	89165.19	15232.94	18691.88
2	1	930	930	512	1	81231.35	14115.66	17657.49
2	1	930	1170	512	1	79918.42	13793.66	18638.70
2	1	930	1410	512	1	79121.18	13728.48	22907.26
2	1	1170	450	512	1	98811.24	17729.42	19976.10
2	1	1170	690	512	1	88919.76	16178.21	18561.80
2	1	1170	930	512	1	81739.28	15051.90	17741.45
2	1	1170	1170	512	1	80384.91	14777.47	18674.12
2	1	1170	1410	512	1	78915.44	14538.77	22927.80
2	1	1410	450	512	1	99060.75	21573.75	20036.22
2	1	1410	690	512	1	88658.92	19441.30	18566.90
2	1	1410	930	512	1	84262.90	18663.73	18016.70
2	1	1410	1170	512	1	80284.09	17960.36	18697.50
2	1	1410	1410	512	1	79224.84	17718.23	23008.70
2	1	450	450	512	4	108580.73	17958.59	21282.09
2	1	450	690	512	4	96914.57	16124.23	19787.75
2	1	450	930	512	4	89470.26	15052.30	18887.64
2	1	450	1170	512	4	87183.79	14727.84	19718.92
2	1	450	1410	512	4	86039.23	14532.09	24278.11
2	1	690	450	512	4	104241.83	17438.22	20826.38
2	1	690	930	512	4	89208.21	15118.66	18970.23
2	1	930	450	512	4	103435.14	17666.27	20628.08
2	1	930	690	512	4	95025.30	16299.74	19492.84
2	1	930	930	512	4	87041.06	15051.30	18633.22
2	1	930	1170	512	4	85251.88	14856.01	19335.17
2	1	930	1410	512	4	84181.61	14607.27	24009.02
2	1	1170	450	512	4	101877.26	18526.54	20434.80
2	1	1170	930	512	4	87366.16	16115.18	18620.07
2	1	1410	450	512	4	101965.85	22274.05	20429.30
2	1	1410	930	512	4	85979.77	19122.95	18411.23
2	1	450	450	512	8	108410.42	18027.94	21582.80
2	1	450	690	512	8	101007.31	16954.87	20606.59
2	1	450	930	512	8	93162.53	15797.25	19666.40
2	1	450	1170	512	8	90801.16	15432.26	20624.91
2	1	450	1410	512	8	89673.90	15264.94	25225.38
2	1	690	450	512	8	107121.02	17962.73	21379.87
2	1	690	690	512	8	99351.29	16778.04	20389.16
2	1	690	930	512	8	92240.64	15696.73	19564.19
2	1	690	1170	512	8	89541.02	15323.37	20354.99
2	1	690	1410	512	8	88457.06	15187.12	24963.10
2	1	930	450	512	8	105761.91	18145.86	21235.25
2	1	930	690	512	8	97880.94	16876.51	20123.27
2	1	930	930	512	8	90850.89	15750.52	19430.68
2	1	930	1170	512	8	88016.71	15345.27	20155.77
2	1	930	1410	512	8	87163.70	15258.69	24831.05
2	1	1170	450	512	8	104961.82	19173.84	21052.48
2	1	1170	690	512	8	97029.50	17824.68	20052.67
2	1	1170	930	512	8	90380.73	16775.43	19305.62
2	1	1170	1170	512	8	87909.61	16312.75	20116.77
2	1	1170	1410	512	8	86238.23	16072.30	24626.68
2	1	1410	450	512	8	104919.21	23117.84	21110.17
2	1	1410	690	512	8	96901.14	21464.70	19998.17
2	1	1410	930	512	8	90083.75	20202.86	19324.22
2	1	1410	1170	512	8	86671.72	19500.41	19924.60
2	1	1410	1410	512	8	85840.49	19281.30	24633.21
2	1	450	450	512	16	112895.94	18975.11	22415.73
2	1	450	690	512	16	106846.89	18007.25	21859.92
2	1	450	930	512	16	99900.20	16984.95	21226.46
2	1	450	1170	512	16	97206.75	16584.60	21916.43
2	1	450	1410	512	16	96157.92	16403.58	27147.53
2	1	690	450	512	16	111566.95	18859.52	22309.75
2	1	690	690	512	16	104814.59	17854.79	21536.27
2	1	690	930	512	16	97795.85	16787.94	20714.06
2	1	690	1170	512	16	95942.73	16486.50	21828.48
2	1	690	1410	512	16	94981.41	16371.63	26950.99
2	1	930	450	512	16	110434.45	19068.66	22209.37
2	1	930	690	512	16	103026.48	17948.98	21252.24
2	1	930	930	512	16	95857.20	16824.16	20516.24
2	1	930	1170	512	16	93043.48	16443.45	21345.88
2	1	930	1410	512	16	92083.82	16239.96	26460.78
2	1	1170	450	512	16	108305.70	19887.41	21886.38
2	1	1170	690	512	16	101865.23	18831.12	21127.95
2	1	1170	930	512	16	95104.35	17781.70	20417.98
2	1	1170	1170	512	16	92118.09	17353.89	21251.41
2	1	1170	1410	512	16	91226.61	17114.75	26270.72
2	1	1410	450	512	16	108151.90	23976.97	21846.73
2	1	1410	690	512	16	101752.43	22846.95	21134.32
2	1	1410	930	512	16	94681.11	21417.66	20345.70
2	1	1410	1170	512	16	92089.63	21038.95	21226.73
2	1	1410	1410	512	16	90633.44	20747.08	26185.40
2	1	450	450	512	32	125727.80	21241.32	24774.80
2	1	450	690	512	32	117948.73	20014.52	23724.39
2	1	450	930	512	32	111688.28	19121.51	23332.94
2	1	450	1170	512	32	109286.98	18777.42	24476.41
2	1	450	1410	512	32	108510.30	18677.30	30194.27
2	1	690	450	512	32	122698.99	21066.88	24261.73
2	1	690	930	512	32	107978.18	18744.05	22843.92
2	1	930	450	512	32	120139.38	20991.55	23947.48
2	1	930	690	512	32	113211.55	19862.49	23185.54
2	1	930	930	512	32	105528.24	18644.90	22449.04
2	1	930	1170	512	32	104246.19	18570.77	23613.60
2	1	930	1410	512	32	103043.51	18345.33	29340.16
2	1	1170	450	512	32	120409.27	22353.94	24086.70
2	1	1170	930	512	32	105680.51	19950.91	22421.31
2	1	1410	450	512	32	118437.15	26655.31	23630.76
2	1	1410	930	512	32	105201.94	24117.53	22340.82
2	1	450	450	512	64	146005.30	24866.96	28391.51
2	1	450	690	512	64	137209.55	23598.91	27400.39
2	1	450	930	512	64	130895.67	22682.34	27049.55
2	1	450	1170	512	64	128372.06	22235.32	28380.88
2	1	450	1410	512	64	128178.86	22182.44	35367.47
2	1	690	450	512	64	140875.09	24270.20	27726.62
2	1	690	690	512	64	133717.48	23202.45	26824.87
2	1	690	930	512	64	126462.09	22237.38	26429.52
2	1	690	1170	512	64	124504.16	21844.91	27989.51
2	1	690	1410	512	64	123676.42	21847.53	34628.16
2	1	930	450	512	64	138599.38	24397.48	27454.04
2	1	930	690	512	64	132652.65	23504.82	26837.60
2	1	930	930	512	64	133208.62	23446.62	27273.61
2	1	930	1170	512	64	120527.77	21671.99	27194.02
2	1	930	1410	512	64	121289.69	21778.62	34301.16
2	1	1170	450	512	64	138431.25	25932.48	27549.33
2	1	1170	690	512	64	131517.99	24935.70	26765.19
2	1	1170	930	512	64	123819.88	23678.62	26078.05
2	1	1170	1170	512	64	122987.72	23464.76	27753.66
2	1	1170	1410	512	64	121192.46	23299.25	34261.39
2	1	1410	450	512	64	137535.28	31426.80	27393.13
2	1	1410	690	512	64	129409.24	29712.68	26429.79
2	1	1410	930	512	64	122772.42	28707.39	26022.44
2	1	1410	1170	512	64	121008.26	28357.00	27565.23
2	1	1410	1410	512	64	120299.70	28157.25	34178.54
2	1	450	450	512	128	278859.51	47634.88	54186.36
2	1	450	690	512	128	271615.72	46434.42	53758.22
2	1	450	930	512	128	252353.25	43678.14	52065.91
2	1	450	1170	512	128	243612.36	42488.80	54025.48
2	1	450	1410	512	128	243099.23	42292.44	67473.05
2	1	690	450	512	128	270202.12	46657.27	53122.57
2	1	690	930	512	128	239494.20	42232.84	50269.94
2	1	930	450	512	128	264252.92	46773.12	52310.70
2	1	930	690	512	128	248719.20	44357.52	50713.98
2	1	930	930	512	128	233658.54	42105.62	49363.90
2	1	930	1170	512	128	236509.56	42279.29	53091.40
2	1	930	1410	512	128	228847.09	41201.65	64672.02
2	1	1170	450	512	128	264781.41	49770.80	52449.62
2	1	1170	930	512	128	234611.40	44949.38	49502.93
2	1	1410	450	512	128	260700.07	59687.58	51868.02
2	1	1410	930	512	128	230279.43	53898.65	48893.07
2	1	450	450	512	256	535861.57	91823.23	104271.95
2	1	450	690	512	256	508779.19	87581.86	101611.20
2	1	450	930	512	256	476158.10	82836.55	98700.51
2	1	450	1170	512	256	469652.29	81836.51	104244.30
2	1	450	1410	512	256	463449.87	80982.84	129126.69
2	1	690	450	512	256	520384.49	89954.42	102332.01
2	1	690	690	512	256	489694.05	85382.45	98988.83
2	1	690	930	512	256	458105.11	80908.09	96217.48
2	1	690	1170	512	256	445982.03	79015.48	100647.88
2	1	690	1410	512	256	449191.53	79288.02	126310.30
2	1	930	450	512	256	501325.82	88950.64	100077.05
2	1	930	690	512	256	471858.44	84433.16	96627.09
2	1	930	930	512	256	445358.43	80315.31	94203.17
2	1	930	1170	512	256	447351.71	80446.22	100639.19
2	1	930	1410	512	256	433731.35	78591.53	123921.55
2	1	1170	450	512	256	504016.88	95263.35	100525.05
2	1	1170	690	512	256	470542.09	89584.80	96388.27
2	1	1170	930	512	256	445536.22	85428.29	94223.83
2	1	1170	1170	512	256	436532.23	84130.25	99444.88
2	1	1170	1410	512	256	425625.08	82326.70	122556.86
2	1	1410	450	512	256	498752.64	114987.07	99892.12
2	1	1410	690	512	256	479387.62	110909.73	97570.06
2	1	1410	930	512	256	439914.41	103352.81	93703.51
2	1	1410	1170	512	256	433849.63	102260.62	99216.30
2	1	1410	1410	512	256	432041.50	101821.34	123887.31
2	1	450	450	1024	1	104416.92	17158.45	20787.26
2	1	450	690	1024	1	93229.78	15531.55	19254.24
2	1	450	930	1024	1	86000.65	14365.76	18430.84
2	1	450	1170	1024	1	84849.78	14228.12	19349.44
2	1	450	1410	1024	1	83127.73	13999.12	23709.98
2	1	690	450	1024	1	102006.80	16899.19	20389.27
2	1	690	690	1024	1	92236.99	15395.72	19087.42
2	1	690	930	1024	1	85102.62	14321.84	18232.31
2	1	690	1170	1024	1	83845.79	14190.16	19152.39
2	1	690	1410	1024	1	83102.10	14033.45	23725.05
2	1	930	450	1024	1	101163.11	17043.10	20288.67
2	1	930	690	1024	1	91050.32	15505.91	18872.98
2	1	930	930	1024	1	83167.24	14346.45	17951.45
2	1	930	1170	1024	1	82566.40	14281.27	18985.72
2	1	930	1410	1024	1	81171.81	14011.16	23384.75
2	1	1170	450	1024	1	100259.81	17984.80	20209.99
2	1	1170	690	1024	1	90340.87	16415.30	18762.85
2	1	1170	930	1024	1	83189.54	15225.25	17968.31
2	1	1170	1170	1024	1	81343.36	14926.73	18844.70
2	1	1170	1410	1024	1	79987.97	14682.22	23148.16
2	1	1410	450	1024	1	99317.37	21558.64	20053.59
2	1	1410	690	1024	1	90088.38	19641.44	18786.47
2	1	1410	930	1024	1	82880.91	18422.91	17934.20
2	1	1410	1170	1024	1	80630.99	17788.61	18754.34
2	1	1410	1410	1024	1	79072.16	17631.35	22936.84
2	1	450	450	1024	4	106713.72	17728.43	21218.43
2	1	450	690	1024	4	99468.66	16514.00	20251.93
2	1	450	930	1024	4	92321.40	15584.80	19466.77
2	1	450	1170	1024	4	89746.28	15074.06	20175.50
2	1	450	1410	1024	4	88395.24	14853.82	24781.97
2	1	690	450	1024	4	105325.79	17657.30	21013.55
2	1	690	690	1024	4	98259.09	16574.05	20117.88
2	1	690	930	1024	4	90350.58	15279.19	19089.61
2	1	690	1170	1024	4	88776.75	15102.68	20103.31
2	1	690	1410	1024	4	88572.70	15117.46	24885.92
2	1	930	450	1024	4	105584.80	17930.59	21050.79
2	1	930	690	1024	4	97963.76	16831.49	20049.49
2	1	930	930	1024	4	89931.88	15451.89	19064.96
2	1	930	1170	1024	4	87883.07	15252.23	19932.17
2	1	930	1410	1024	4	87222.16	15149.88	24670.80
2	1	1170	450	1024	4	104789.71	18956.80	20953.73
2	1	1170	690	1024	4	95994.55	17495.02	19755.02
2	1	1170	930	1024	4	90225.54	16597.12	19177.38
2	1	1170	1170	1024	4	87037.32	16091.29	19781.48
2	1	1170	1410	1024	4	86017.91	15883.10	24311.81
2	1	1410	450	1024	4	104234.36	22830.82	20928.54
2	1	1410	690	1024	4	96722.05	21296.80	19992.27
2	1	1410	930	1024	4	88809.93	19728.16	18857.07
2	1	1410	1170	1024	4	86664.95	19387.08	19852.62
2	1	1410	1410	1024	4	86168.25	19329.52	24347.81
2	1	450	450	1024	8	113472.99	18905.41	22480.18
2	1	450	690	1024	8	105932.00	17765.02	21488.70
2	1	450	930	1024	8	98737.12	16762.63	20777.38
2	1	450	1170	1024	8	95023.32	16167.80	21424.62
2	1	450	1410	1024	8	93813.90	16017.55	26333.70
2	1	690	450	1024	8	110682.57	18628.71	22036.07
2	1	690	690	1024	8	103029.92	17491.93	21054.77
2	1	690	930	1024	8	96720.32	16512.45	20415.29
2	1	690	1170	1024	8	93604.69	16029.86	21278.09
2	1	690	1410	1024	8	93171.74	15918.77	26288.26
2	1	930	450	1024	8	109675.68	18851.95	21976.56
2	1	930	690	1024	8	102000.80	17634.93	20973.61
2	1	930	930	1024	8	95392.44	16535.53	20326.09
2	1	930	1170	1024	8	92733.91	16191.81	21118.49
2	1	930	1410	1024	8	92424.10	16207.91	26128.73
2	1	1170	450	1024	8	109485.01	19958.73	21914.61
2	1	1170	690	1024	8	101884.95	18735.16	20823.94
2	1	1170	930	1024	8	94627.58	17589.83	20228.08
2	1	1170	1170	1024	8	92079.04	17094.95	21098.98
2	1	1170	1410	1024	8	91425.94	16954.51	25891.84
2	1	1410	450	1024	8	109725.45	24201.24	22038.30
2	1	1410	690	1024	8	100567.82	22338.26	20758.08
2	1	1410	930	1024	8	94068.34	21037.71	20089.15
2	1	1410	1170	1024	8	91220.14	20598.73	20806.43
2	1	1410	1410	1024	8	91310.31	20599.00	25873.61
2	1	450	450	1024	16	122632.55	20587.71	24115.09
2	1	450	690	1024	16	115866.47	19531.62	23536.33
2	1	450	930	1024	16	114092.36	19209.62	23515.37
2	1	450	1170	1024	16	106601.01	18179.73	23958.95
2	1	450	1410	1024	16	104880.08	17969.30	29352.76
2	1	690	450	1024	16	119997.80	20342.24	23932.85
2	1	690	690	1024	16	113990.58	19449.47	23280.40
2	1	690	930	1024	16	106030.49	18283.65	22366.41
2	1	690	1170	1024	16	103368.69	17891.72	23407.34
2	1	690	1410	1024	16	102348.16	17665.36	29121.54
2	1	930	450	1024	16	117549.62	20325.60	23546.77
2	1	930	690	1024	16	112320.22	19589.36	23070.56
2	1	930	930	1024	16	104144.92	18339.38	22237.75
2	1	930	1170	1024	16	101739.02	17948.20	23328.54
2	1	930	1410	1024	16	100146.73	17763.85	28486.35
2	1	1170	450	1024	16	116851.27	21565.84	23526.58
2	1	1170	690	1024	16	109919.78	20391.67	22768.48
2	1	1170	930	1024	16	103196.56	19325.45	22056.87
2	1	1170	1170	1024	16	100454.81	18903.47	23070.70
2	1	1170	1410	1024	16	99675.33	18759.22	28531.45
2	1	1410	450	1024	16	116369.76	25873.52	23377.73
2	1	1410	690	1024	16	109283.41	24565.17	22646.91
2	1	1410	930	1024	16	105862.92	23867.66	22348.43
2	1	1410	1170	1024	16	100153.54	22938.70	23102.98
2	1	1410	1410	1024	16	102501.46	23334.92	28959.55
2	1	450	450	1024	32	140507.28	23824.97	27372.50
2	1	450	690	1024	32	131092.24	22444.54	26352.40
2	1	450	930	1024	32	123864.20	21388.68	25720.90
2	1	450	1170	1024	32	121923.94	21094.89	27179.02
2	1	450	1410	1024	32	120746.88	20833.00	33327.65
2	1	690	450	1024	32	134042.43	23085.88	26519.81
2	1	690	690	1024	32	125961.21	21747.02	25514.59
2	1	690	930	1024	32	119417.60	20885.38	25067.26
2	1	690	1170	1024	32	117671.12	20618.21	26509.08
2	1	690	1410	1024	32	116829.55	20410.57	32799.69
2	1	930	450	1024	32	131364.03	23106.14	26166.12
2	1	930	690	1024	32	124885.29	22096.06	25527.71
2	1	930	930	1024	32	117987.27	20884.81	24554.24
2	1	930	1170	1024	32	116855.00	20845.72	26399.14
2	1	930	1410	1024	32	115929.50	20744.25	32559.66
2	1	1170	450	1024	32	131815.89	24623.77	26126.38
2	1	1170	690	1024	32	125273.45	23633.41	25509.73
2	1	1170	930	1024	32	117327.93	22337.09	24825.92
2	1	1170	1170	1024	32	115737.98	22052.13	26350.33
2	1	1170	1410	1024	32	118325.17	22518.49	33358.04
2	1	1410	450	1024	32	131002.09	29788.98	26151.62
2	1	1410	690	1024	32	126004.78	28762.46	25582.98
2	1	1410	930	1024	32	117915.44	27179.86	24905.15
2	1	1410	1170	1024	32	115361.92	26729.21	26184.27
2	1	1410	1410	1024	32	114731.88	26610.25	32430.05
2	1	450	450	1024	64	170300.62	29212.18	32762.19
2	1	450	690	1024	64	162078.82	27941.02	32137.30
2	1	450	930	1024	64	155385.25	27059.23	31815.37
2	1	450	1170	1024	64	153179.22	26717.16	33595.77
2	1	450	1410	1024	64	151911.59	26508.32	41533.30
2	1	690	450	1024	64	165767.72	28704.73	32213.70
2	1	690	690	1024	64	157281.64	27539.48	31557.23
2	1	690	930	1024	64	150193.85	26469.72	31183.22
2	1	690	1170	1024	64	147322.65	26072.72	32541.89
2	1	690	1410	1024	64	146771.73	26009.34	40754.55
2	1	930	450	1024	64	160799.26	28522.07	31674.55
2	1	930	690	1024	64	153024.50	27371.77	30988.77
2	1	930	930	1024	64	145565.81	26257.52	30405.29
2	1	930	1170	1024	64	142558.86	25797.44	32130.50
2	1	930	1410	1024	64	142032.56	25773.25	40032.45
2	1	1170	450	1024	64	158222.92	29994.87	31405.83
2	1	1170	690	1024	64	152778.25	29171.85	30976.77
2	1	1170	930	1024	64	148071.31	28207.21	30483.01
2	1	1170	1170	1024	64	142091.96	27446.16	32079.46
2	1	1170	1410	1024	64	141783.95	27434.90	40053.46
2	1	1410	450	1024	64	158404.60	36439.15	31443.57
2	1	1410	690	1024	64	151069.50	35169.39	30707.71
2	1	1410	930	1024	64	144782.54	34001.47	30374.03
2	1	1410	1170	1024	64	142008.71	33578.55	32199.30
2	1	1410	1410	1024	64	140206.23	33174.95	39869.61
2	1	450	450	1024	128	308193.76	53130.38	59365.33
2	1	450	690	1024	128	292738.07	50839.92	58034.91
2	1	450	930	1024	128	277945.63	48624.45	56818.06
2	1	450	1170	1024	128	274538.18	48131.41	60162.62
2	1	450	1410	1024	128	274011.57	48136.52	75043.27
2	1	690	450	1024	128	302967.86	52480.77	58682.40
2	1	690	690	1024	128	281538.54	49665.14	56616.62
2	1	690	930	1024	128	268451.55	47662.09	55584.39
2	1	690	1170	1024	128	264600.16	47198.48	58819.25
2	1	690	1410	1024	128	262113.95	46774.63	72963.90
2	1	930	450	1024	128	289836.22	51709.47	57094.88
2	1	930	690	1024	128	275211.72	49555.63	55656.82
2	1	930	930	1024	128	261046.05	47557.64	54786.74
2	1	930	1170	1024	128	254723.76	46407.77	57403.76
2	1	930	1410	1024	128	261236.20	47289.94	72877.42
2	1	1170	450	1024	128	288027.99	54708.98	56883.66
2	1	1170	690	1024	128	273143.18	52355.64	55406.29
2	1	1170	930	1024	128	258705.79	50185.59	54190.80
2	1	1170	1170	1024	128	254535.80	49415.23	57566.52
2	1	1170	1410	1024	128	251111.45	48877.55	71335.49
2	1	1410	450	1024	128	286409.22	66445.98	56856.58
2	1	1410	690	1024	128	272256.36	63815.23	55430.70
2	1	1410	930	1024	128	257480.62	61056.59	54205.34
2	1	1410	1170	1024	128	251566.32	59896.61	56777.69
2	1	1410	1410	1024	128	1085302.71	199882.14	200391.57
2	1	690	690	1024	256	530031.20	93652.61	106253.34
2	1	690	930	1024	256	497268.63	88552.62	103112.90
2	1	690	1170	1024	256	492120.38	87838.71	109232.58
2	1	690	1410	1024	256	490580.13	87684.51	136986.26
2	1	930	690	1024	256	513547.37	92687.12	104104.14
2	1	930	930	1024	256	486949.07	88721.10	101672.66
2	1	930	1170	1024	256	476424.01	87104.84	107045.99
2	1	930	1410	1024	256	468405.02	85743.86	132797.66
2	1	1170	690	1024	256	510444.31	97974.77	103640.88
2	1	1170	930	1024	256	478244.74	92983.27	100436.44
2	1	1170	1170	1024	256	470158.10	91621.12	106262.30
2	1	1170	1410	1024	256	473397.31	91942.65	133336.45
2	1	1410	690	1024	256	511256.17	120049.96	103989.34
2	1	1410	930	1024	256	478192.72	113863.45	100578.90
2	1	1410	1170	1024	256	472466.06	112651.16	106365.82
2	1	1410	1410	1024	256	466825.48	111595.91	132697.27
2	1	450	450	2048	1	105138.20	17252.66	20814.57
2	1	450	690	2048	1	95325.96	15793.70	19509.85
2	1	450	930	2048	1	87428.86	14620.01	18482.85
2	1	450	1170	2048	1	86273.31	14437.41	19559.78
2	1	450	1410	2048	1	84277.89	14089.59	23790.67
2	1	690	450	2048	1	103043.36	17030.01	20445.30
2	1	690	690	2048	1	94030.05	15698.28	19291.63
2	1	690	930	2048	1	85451.56	14426.19	18203.12
2	1	690	1170	2048	1	84113.27	14264.91	19256.94
2	1	690	1410	2048	1	82860.39	14026.29	23602.34
2	1	930	450	2048	1	101500.20	17087.39	20243.59
2	1	930	690	2048	1	92449.44	15730.15	19068.45
2	1	930	930	2048	1	84149.60	14511.19	18100.56
2	1	930	1170	2048	1	83165.45	14281.93	19030.83
2	1	930	1410	2048	1	82048.55	14146.01	23432.48
2	1	1170	450	2048	1	100132.96	17934.26	20128.70
2	1	1170	690	2048	1	89975.53	16346.42	18618.20
2	1	1170	930	2048	1	82807.83	15158.63	17927.80
2	1	1170	1170	2048	1	82557.91	15111.45	19050.57
2	1	1170	1410	2048	1	82042.72	15092.32	23522.45
2	1	1410	450	2048	1	100701.06	21777.80	20142.87
2	1	1410	690	2048	1	90326.90	19800.62	18751.20
2	1	1410	930	2048	1	82452.32	18287.13	17801.71
2	1	1410	1170	2048	1	81147.92	17995.85	18812.12
2	1	1410	1410	2048	1	80097.81	17773.75	23163.66
2	1	450	450	2048	4	111237.22	18476.09	21868.80
2	1	450	690	2048	4	103564.10	17373.59	20969.41
2	1	450	930	2048	4	95636.83	16130.34	20035.18
2	1	450	1170	2048	4	92837.19	15700.37	20772.48
2	1	450	1410	2048	4	93102.24	15763.06	25763.31
2	1	690	450	2048	4	109120.61	18252.97	21479.18
2	1	690	930	2048	4	94319.77	16056.16	19852.84
2	1	930	450	2048	4	107425.30	18365.55	21229.40
2	1	930	690	2048	4	101249.78	17444.38	20605.83
2	1	930	930	2048	4	93556.58	16159.79	19578.48
2	1	930	1170	2048	4	90254.00	15690.27	20463.73
2	1	930	1410	2048	4	89352.22	15510.06	25253.19
2	1	1170	450	2048	4	107903.12	19609.77	21544.91
2	1	1170	930	2048	4	93345.30	17055.93	19638.63
2	1	1410	450	2048	4	106691.00	23329.78	21188.91
2	1	1410	930	2048	4	91984.57	20512.09	19510.80
2	1	450	450	2048	8	120168.72	20065.34	23574.51
2	1	450	690	2048	8	111761.77	18779.15	22644.70
2	1	450	930	2048	8	104342.22	17782.48	21887.55
2	1	450	1170	2048	8	101841.29	17336.21	22835.65
2	1	450	1410	2048	8	101036.13	17285.30	28236.06
2	1	690	450	2048	8	118731.09	20042.41	23468.86
2	1	690	690	2048	8	109971.49	18747.70	22398.23
2	1	690	930	2048	8	103492.55	17763.52	21860.01
2	1	690	1170	2048	8	100569.74	17296.68	22836.91
2	1	690	1410	2048	8	99134.28	17108.62	27951.67
2	1	930	450	2048	8	116495.30	20141.02	23224.93
2	1	930	690	2048	8	107979.91	18723.12	22132.45
2	1	930	930	2048	8	100934.09	17665.38	21499.69
2	1	930	1170	2048	8	98508.72	17370.86	22434.55
2	1	930	1410	2048	8	101208.52	17745.11	28309.38
2	1	1170	450	2048	8	115950.30	21300.03	23108.95
2	1	1170	690	2048	8	107443.30	19805.97	21937.43
2	1	1170	930	2048	8	100551.34	18651.71	21272.48
2	1	1170	1170	2048	8	98872.70	18489.09	22443.00
2	1	1170	1410	2048	8	97353.64	18233.88	27547.12
2	1	1410	450	2048	8	115452.55	25529.00	22999.51
2	1	1410	690	2048	8	107842.92	24096.10	22146.52
2	1	1410	930	2048	8	100704.67	22759.05	21436.77
2	1	1410	1170	2048	8	98367.73	22252.94	22394.52
2	1	1410	1410	2048	8	96833.45	22025.68	27517.07
2	1	450	450	2048	16	132449.92	22406.29	26035.16
2	1	450	690	2048	16	126317.13	21473.70	25506.44
2	1	450	930	2048	16	119328.29	20518.90	24883.64
2	1	450	1170	2048	16	116551.89	20081.02	26115.62
2	1	450	1410	2048	16	115476.71	19874.02	32171.75
2	1	690	450	2048	16	130009.55	22185.34	25783.41
2	1	690	690	2048	16	122479.50	21082.95	24974.62
2	1	690	930	2048	16	117233.98	20339.85	24592.16
2	1	690	1170	2048	16	113058.81	19672.41	25461.84
2	1	690	1410	2048	16	111879.74	19577.65	31611.70
2	1	930	450	2048	16	127448.36	22158.85	25289.04
2	1	930	690	2048	16	122179.00	21373.01	24883.73
2	1	930	930	2048	16	114462.36	20218.27	24187.99
2	1	930	1170	2048	16	111660.17	19787.12	25305.59
2	1	930	1410	2048	16	111445.63	19774.03	31403.84
2	1	1170	450	2048	16	127976.18	23740.65	25481.46
2	1	1170	690	2048	16	121353.01	22663.64	24879.14
2	1	1170	930	2048	16	113825.66	21377.83	24108.77
2	1	1170	1170	2048	16	110914.23	20924.57	25276.28
2	1	1170	1410	2048	16	109609.22	20669.99	31177.30
2	1	1410	450	2048	16	125779.19	28272.69	24975.75
2	1	1410	690	2048	16	119295.92	26942.72	24420.67
2	1	1410	930	2048	16	112730.18	25842.40	24132.95
2	1	1410	1170	2048	16	110621.20	25420.74	25268.57
2	1	1410	1410	2048	16	109094.01	25142.66	31101.47
2	1	450	450	2048	32	161338.11	27612.98	31205.55
2	1	450	690	2048	32	154416.34	26634.28	30543.26
2	1	450	930	2048	32	147102.06	25490.53	30169.74
2	1	450	1170	2048	32	145673.19	25334.67	31950.22
2	1	450	1410	2048	32	143721.03	24981.51	39087.89
2	1	690	450	2048	32	156650.87	27140.19	30692.66
2	1	690	930	2048	32	141660.53	24942.28	29472.48
2	1	930	450	2048	32	152938.60	27079.20	30206.77
2	1	930	690	2048	32	145807.36	25968.43	29341.52
2	1	930	930	2048	32	140989.41	25287.86	29390.98
2	1	930	1170	2048	32	136591.63	24640.32	30749.98
2	1	930	1410	2048	32	135913.21	24545.60	38158.88
2	1	1170	450	2048	32	151841.97	28740.93	30123.09
2	1	1170	930	2048	32	137574.05	26476.39	28944.73
2	1	1410	450	2048	32	152122.04	34808.64	30025.38
2	1	1410	930	2048	32	137332.27	32035.03	28931.50
2	1	450	450	2048	64	213730.88	37029.16	40719.73
2	1	450	690	2048	64	205501.74	35860.52	40125.34
2	1	450	930	2048	64	197533.61	34758.88	39837.64
2	1	450	1170	2048	64	195276.87	34434.90	42252.21
2	1	450	1410	2048	64	194854.31	34449.24	52539.68
2	1	690	450	2048	64	207705.45	36339.07	40095.84
2	1	690	690	2048	64	200287.85	35225.49	39429.07
2	1	690	930	2048	64	192065.79	34285.69	39255.46
2	1	690	1170	2048	64	189274.71	33859.45	41389.91
2	1	690	1410	2048	64	188431.91	33746.81	51891.45
2	1	930	450	2048	64	202744.66	36435.29	39573.92
2	1	930	690	2048	64	195976.43	35400.58	39180.37
2	1	930	930	2048	64	187468.03	34212.42	38750.73
2	1	930	1170	2048	64	185677.04	33867.98	41102.23
2	1	930	1410	2048	64	183583.59	33581.47	50806.59
2	1	1170	450	2048	64	202424.11	38619.70	39519.70
2	1	1170	690	2048	64	194162.88	37476.11	38871.52
2	1	1170	930	2048	64	186919.98	36317.30	38689.21
2	1	1170	1170	2048	64	184045.67	35847.29	40796.81
2	1	1170	1410	2048	64	184130.38	35837.08	51093.13
2	1	1410	450	2048	64	202395.82	46986.66	39410.41
2	1	1410	690	2048	64	194423.94	45539.27	38850.18
2	1	1410	930	2048	64	188016.97	44455.04	38652.09
2	1	1410	1170	2048	64	184369.65	43849.82	40922.73
2	1	1410	1410	2048	64	182934.38	43552.17	50942.32
2	1	450	450	2048	128	372584.95	64879.88	69998.33
2	1	450	690	2048	128	357112.11	62350.15	68536.20
2	1	450	930	2048	128	338948.06	59739.15	67462.25
2	1	450	1170	2048	128	334242.59	59218.45	71542.97
2	1	450	1410	2048	128	331297.63	58787.23	88621.70
2	1	690	450	2048	128	356147.99	62710.59	67925.70
2	1	690	930	2048	128	329120.02	58823.18	66274.79
2	1	930	450	2048	128	346574.46	62519.21	66921.43
2	1	930	690	2048	128	328604.97	59815.15	65139.41
2	1	930	930	2048	128	312976.83	57590.08	64342.38
2	1	930	1170	2048	128	309372.66	57125.73	68097.78
2	1	930	1410	2048	128	307054.20	56777.06	84878.11
2	1	1170	450	2048	128	340978.03	65697.24	66430.77
2	1	1170	930	2048	128	313009.56	61357.74	64391.26
2	1	1410	450	2048	128	341166.13	80322.13	66324.40
2	1	1410	930	2048	128	307607.52	74184.02	63769.63
2	1	450	450	4096	1	106527.63	17506.77	20912.46
2	1	450	690	4096	1	96506.92	15981.43	19562.82
2	1	450	930	4096	1	88724.25	14802.56	18685.72
2	1	450	1170	4096	1	87832.96	14671.25	19728.77
2	1	450	1410	4096	1	85875.94	14393.66	24092.83
2	1	690	450	4096	1	105114.89	17325.70	20733.23
2	1	690	690	4096	1	95355.56	15873.46	19358.75
2	1	690	930	4096	1	87643.89	14769.25	18549.95
2	1	690	1170	4096	1	86074.83	14526.80	19383.03
2	1	690	1410	4096	1	85820.61	14473.86	24025.42
2	1	930	450	4096	1	103655.08	17483.55	20476.18
2	1	930	690	4096	1	93068.41	15828.88	19098.73
2	1	930	930	4096	1	87856.63	14978.93	18551.84
2	1	930	1170	4096	1	86054.32	14730.19	19439.54
2	1	930	1410	4096	1	84375.12	14431.99	23689.07
2	1	1170	450	4096	1	103416.42	18523.49	20496.55
2	1	1170	690	4096	1	93504.90	16849.12	19113.13
2	1	1170	930	4096	1	85249.89	15535.65	18145.40
2	1	1170	1170	4096	1	84179.63	15334.18	19079.23
2	1	1170	1410	4096	1	83598.90	15297.38	23721.36
2	1	1410	450	4096	1	102948.78	22316.25	20404.09
2	1	1410	690	4096	1	92793.71	20352.77	19004.05
2	1	1410	930	4096	1	84633.63	18691.58	18011.30
2	1	1410	1170	4096	1	82973.69	18394.91	18905.46
2	1	1410	1410	4096	1	81844.43	18090.44	23388.76
2	1	450	450	4096	4	119168.65	19828.94	23233.94
2	1	450	690	4096	4	111240.00	18557.49	22315.70
2	1	450	930	4096	4	103981.59	17640.20	21528.80
2	1	450	1170	4096	4	101519.52	17198.54	22448.16
2	1	450	1410	4096	4	100002.14	16991.36	27451.19
2	1	690	450	4096	4	116672.74	19570.77	22937.34
2	1	690	690	4096	4	108244.06	18311.14	21873.06
2	1	690	930	4096	4	101989.65	17384.30	21279.73
2	1	690	1170	4096	4	99328.29	17007.65	22210.00
2	1	690	1410	4096	4	98270.78	16825.95	27152.07
2	1	930	450	4096	4	117533.38	20060.74	22996.42
2	1	930	690	4096	4	107961.38	18592.91	21831.70
2	1	930	930	4096	4	100331.06	17464.23	21000.55
2	1	930	1170	4096	4	97889.75	17107.88	21943.95
2	1	930	1410	4096	4	96659.02	16864.75	26956.53
2	1	1170	450	4096	4	114792.14	20899.40	22627.11
2	1	1170	690	4096	4	107044.79	19601.42	21663.84
2	1	1170	930	4096	4	100845.28	18657.19	21115.48
2	1	1170	1170	4096	4	97897.83	18220.10	21961.40
2	1	1170	1410	4096	4	96733.69	17950.35	26900.18
2	1	1410	450	4096	4	113663.94	25032.74	22487.12
2	1	1410	690	4096	4	106296.77	23672.57	21564.57
2	1	1410	930	4096	4	98749.18	22221.34	20848.82
2	1	1410	1170	4096	4	96086.98	21657.46	21664.59
2	1	1410	1410	4096	4	95665.30	21608.74	26847.77
2	1	450	450	4096	8	131326.57	22106.82	25625.68
2	1	450	690	4096	8	124033.97	21004.70	24841.68
2	1	450	930	4096	8	116753.72	19988.88	24207.00
2	1	450	1170	4096	8	114351.70	19594.56	25296.64
2	1	450	1410	4096	8	113745.86	19502.27	31313.59
2	1	690	450	4096	8	129089.92	21836.25	25325.74
2	1	690	690	4096	8	121211.15	20686.47	24473.86
2	1	690	930	4096	8	113594.94	19624.98	23706.05
2	1	690	1170	4096	8	111842.98	19309.96	25033.48
2	1	690	1410	4096	8	109449.21	18945.55	30435.75
2	1	930	450	4096	8	127691.43	22160.52	25258.76
2	1	930	690	4096	8	119148.94	20672.51	24155.96
2	1	930	930	4096	8	113627.15	19979.77	23803.68
2	1	930	1170	4096	8	109865.50	19411.07	24684.70
2	1	930	1410	4096	8	110028.76	19434.59	30646.23
2	1	1170	450	4096	8	127336.51	23423.55	25090.40
2	1	1170	690	4096	8	119902.56	22196.80	24270.15
2	1	1170	930	4096	8	111883.49	20984.25	23495.78
2	1	1170	1170	4096	8	109290.60	20578.08	24531.12
2	1	1170	1410	4096	8	107960.70	20307.90	30199.84
2	1	1410	450	4096	8	126158.22	28121.65	24967.69
2	1	1410	690	4096	8	118398.60	26619.32	24070.87
2	1	1410	930	4096	8	110769.43	25218.59	23473.77
2	1	1410	1170	4096	8	109877.64	25023.88	24642.48
2	1	1410	1410	4096	8	108849.91	24860.78	30420.83
2	1	450	450	4096	16	157292.36	26805.59	30460.54
2	1	450	690	4096	16	149920.22	25753.98	29798.44
2	1	450	930	4096	16	143164.47	24768.60	29292.80
2	1	450	1170	4096	16	140222.12	24372.72	30720.73
2	1	450	1410	4096	16	138935.95	24144.77	37951.42
2	1	690	450	4096	16	152836.89	26337.38	29865.29
2	1	690	690	4096	16	146119.42	25343.66	29354.47
2	1	690	930	4096	16	138651.64	24302.99	28848.07
2	1	690	1170	4096	16	135897.21	23861.91	30243.86
2	1	690	1410	4096	16	134345.95	23667.48	37315.90
2	1	930	450	4096	16	150673.68	26555.05	29773.02
2	1	930	690	4096	16	143006.11	25427.35	29004.52
2	1	930	930	4096	16	135760.16	24256.89	28444.20
2	1	930	1170	4096	16	133325.95	23939.77	29990.38
2	1	930	1410	4096	16	133119.57	23896.48	37244.17
2	1	1170	450	4096	16	150280.70	28174.75	29713.36
2	1	1170	690	4096	16	142456.29	26916.71	28943.48
2	1	1170	930	4096	16	135396.77	25788.31	28370.12
2	1	1170	1170	4096	16	133278.87	25497.51	30020.13
2	1	1170	1410	4096	16	132082.44	25217.84	36922.66
2	1	1410	450	4096	16	149457.54	33922.62	29489.25
2	1	1410	690	4096	16	142264.96	32630.92	28831.94
2	1	1410	930	4096	16	134384.51	31112.73	28271.90
2	1	1410	1170	4096	16	132113.40	30784.45	29839.24
2	1	1410	1410	4096	16	131153.07	30564.95	36998.27
2	1	450	450	4096	32	206940.60	35915.62	39531.79
2	1	450	690	4096	32	198360.93	34671.46	38823.83
2	1	450	930	4096	32	190929.24	33649.88	38684.09
2	1	450	1170	4096	32	188551.69	33267.41	40840.53
2	1	450	1410	4096	32	188142.81	33164.75	50563.40
2	1	690	450	4096	32	200903.41	35158.32	38724.45
2	1	690	690	4096	32	193848.03	34203.45	38303.03
2	1	690	930	4096	32	187161.26	33214.08	38104.88
2	1	690	1170	4096	32	184868.62	32948.85	40308.09
2	1	690	1410	4096	32	182769.74	32672.44	49801.87
2	1	930	450	4096	32	197014.37	35237.29	38386.62
2	1	930	690	4096	32	189367.54	34069.37	37859.94
2	1	930	930	4096	32	181085.86	32913.02	37418.70
2	1	930	1170	4096	32	179141.84	32753.58	39786.80
2	1	930	1410	4096	32	177804.77	32548.20	49298.29
2	1	1170	450	4096	32	195400.66	37310.70	38259.80
2	1	1170	690	4096	32	187717.42	36059.42	37649.58
2	1	1170	930	4096	32	180361.54	34985.96	37383.93
2	1	1170	1170	4096	32	178404.42	34679.74	39750.36
2	1	1170	1410	4096	32	177030.55	34484.38	49143.79
2	1	1410	450	4096	32	195839.32	45441.52	38285.70
2	1	1410	690	4096	32	187333.59	43946.70	37605.84
2	1	1410	930	4096	32	180704.01	42758.41	37539.97
2	1	1410	1170	4096	32	178276.40	42311.33	39531.77
2	1	1410	1410	4096	32	176670.90	42083.42	49149.71
2	1	450	450	4096	64	294788.33	51973.34	55303.88
2	1	450	690	4096	64	287039.00	50799.55	55124.33
2	1	450	930	4096	64	278463.80	49669.12	55281.34
2	1	450	1170	4096	64	276750.76	49425.41	58727.30
2	1	450	1410	4096	64	276161.36	49397.38	73051.11
2	1	690	450	4096	64	290453.56	51463.98	54858.24
2	1	690	690	4096	64	282036.08	50404.28	54669.13
2	1	690	930	4096	64	274044.13	49066.12	54429.62
2	1	690	1170	4096	64	270704.34	48860.66	58278.56
2	1	690	1410	4096	64	268800.87	48674.94	72176.77
2	1	930	450	4096	64	283928.12	51525.20	54372.22
2	1	930	690	4096	64	275110.05	50229.14	54127.23
2	1	930	930	4096	64	266352.23	49162.36	54324.22
2	1	930	1170	4096	64	263934.88	48893.31	57733.49
2	1	930	1410	4096	64	262072.86	48654.31	71535.81
2	1	1170	450	4096	64	281757.97	54651.77	54498.94
2	1	1170	690	4096	64	273259.07	53367.81	54270.12
2	1	1170	930	4096	64	264308.59	52211.90	54343.20
2	1	1170	1170	4096	64	261980.24	51843.92	57679.43
2	1	1170	1410	4096	64	260432.38	51596.95	71730.43
2	1	1410	450	4096	64	280363.07	66387.81	54277.38
2	1	1410	690	4096	64	271514.75	64871.65	53871.64
2	1	1410	930	4096	64	263431.33	63745.18	54172.67
2	1	1410	1170	4096	64	260858.51	63207.70	57667.64
2	1	1410	1410	4096	64	259315.73	63014.59	71784.71
2	1	690	690	4096	128	446896.24	81211.98	85830.90
2	1	690	930	4096	128	439351.82	79927.23	86346.59
2	1	690	1170	4096	128	433742.87	79433.52	92208.80
2	1	690	1410	4096	128	432770.54	79431.96	115069.23
2	1	930	690	4096	128	439082.79	81378.62	85570.45
2	1	930	930	4096	128	429706.39	80421.98	86781.73
2	1	930	1170	4096	128	426525.07	80143.10	92430.54
2	1	930	1410	4096	128	425707.26	80086.55	115541.42
2	1	1170	690	4096	128	436775.02	86401.52	85834.74
2	1	1170	930	4096	128	433302.40	86213.70	87394.58
2	1	1170	1170	4096	128	425451.45	85283.67	92702.69
2	1	1170	1410	4096	128	425216.58	85133.43	115538.17
2	1	1410	690	4096	128	437635.44	105791.41	85746.02
2	1	1410	930	4096	128	427263.59	104530.80	86526.26
2	1	1410	1170	4096	128	425890.24	104573.03	92569.48
2	1	1410	1410	4096	128	427518.44	104949.38	116212.75
2	2	450	450	128	1	102637.62	16869.12	20475.81
2	2	450	690	128	1	92680.48	15363.28	19099.54
2	2	450	930	128	1	85135.99	14202.98	18168.37
2	2	450	1170	128	1	83867.19	14086.66	19221.51
2	2	450	1410	128	1	82365.12	13879.63	23579.98
2	2	690	450	128	1	101095.17	16703.74	20226.83
2	2	690	690	128	1	92432.62	15477.50	19092.08
2	2	690	930	128	1	84336.45	14212.99	18063.46
2	2	690	1170	128	1	82713.26	13970.09	19142.40
2	2	690	1410	128	1	81301.83	13854.70	23365.05
2	2	930	450	128	1	99424.36	16794.62	20039.47
2	2	930	690	128	1	90904.52	15516.43	18866.19
2	2	930	930	128	1	82773.74	14274.97	17837.98
2	2	930	1170	128	1	81935.26	14177.68	19009.48
2	2	930	1410	128	1	80744.11	14005.20	23257.79
2	2	1170	450	128	1	99565.94	17859.11	20070.19
2	2	1170	690	128	1	89630.55	16297.52	18654.00
2	2	1170	930	128	1	82125.94	15106.14	17861.43
2	2	1170	1170	128	1	79721.92	14651.86	18560.04
2	2	1170	1410	128	1	79239.81	14593.62	22997.12
2	2	1410	450	128	1	99087.70	21411.38	19972.35
2	2	1410	690	128	1	89055.57	19490.80	18614.71
2	2	1410	930	128	1	81680.59	18138.83	17709.18
2	2	1410	1170	128	1	80100.48	17830.22	18556.34
2	2	1410	1410	128	1	78248.57	17432.44	22810.52
2	2	450	450	128	4	151335.13	25780.15	33121.16
2	2	450	690	128	4	136667.22	23624.00	31155.02
2	2	450	930	128	4	122751.92	21500.84	29304.66
2	2	450	1170	128	4	116459.26	20440.66	30124.90
2	2	450	1410	128	4	114489.48	20218.62	37165.00
2	2	690	450	128	4	150019.76	25672.89	33004.48
2	2	690	690	128	4	132495.28	22965.34	30556.54
2	2	690	930	128	4	120740.92	21284.83	28988.38
2	2	690	1170	128	4	115970.50	20522.82	30117.37
2	2	690	1410	128	4	113386.37	20150.38	36922.09
2	2	930	450	128	4	147923.23	25806.73	32775.36
2	2	930	690	128	4	132272.44	23367.61	30612.54
2	2	930	930	128	4	118447.83	21263.20	28827.07
2	2	930	1170	128	4	113133.80	20464.80	29784.97
2	2	930	1410	128	4	111945.26	20290.33	36825.12
2	2	1170	450	128	4	147852.05	27458.33	32617.54
2	2	1170	690	128	4	131579.53	24742.65	30502.27
2	2	1170	930	128	4	117989.58	22614.09	28657.54
2	2	1170	1170	128	4	112621.88	21634.34	29609.23
2	2	1170	1410	128	4	110648.44	21302.52	36396.54
2	2	1410	450	128	4	146917.41	32897.60	32523.67
2	2	1410	690	128	4	131674.39	30003.59	30496.61
2	2	1410	930	128	4	117827.73	27367.65	28691.74
2	2	1410	1170	128	4	112338.58	26300.30	29637.03
2	2	1410	1410	128	4	110941.51	25959.44	36594.69
2	2	450	450	128	8	152076.09	25973.22	33267.40
2	2	450	690	128	8	136616.53	23688.48	31190.60
2	2	450	930	128	8	123234.60	21585.86	29534.56
2	2	450	1170	128	8	118680.33	20882.62	30611.62
2	2	450	1410	128	8	117064.49	20719.84	37682.66
2	2	690	450	128	8	150940.51	25897.73	33151.77
2	2	690	690	128	8	134594.86	23439.72	30924.09
2	2	690	930	128	8	121111.22	21416.59	29219.27
2	2	690	1170	128	8	116664.59	20698.56	30191.44
2	2	690	1410	128	8	114738.70	20458.29	37248.85
2	2	930	450	128	8	149659.82	26179.51	33041.20
2	2	930	690	128	8	133698.14	23674.54	30756.87
2	2	930	930	128	8	119122.48	21428.85	28826.23
2	2	930	1170	128	8	114489.13	20726.17	29945.14
2	2	930	1410	128	8	114143.05	20628.01	37287.75
2	2	1170	450	128	8	149641.81	27766.28	33025.55
2	2	1170	690	128	8	133722.36	25245.67	30758.70
2	2	1170	930	128	8	118671.82	22802.63	28789.32
2	2	1170	1170	128	8	113790.75	21913.12	29861.73
2	2	1170	1410	128	8	112689.37	21793.23	36849.41
2	2	1410	450	128	8	147929.17	33242.99	32752.09
2	2	1410	690	128	8	134784.32	30752.02	30808.87
2	2	1410	930	128	8	117861.65	27397.45	28568.09
2	2	1410	1170	128	8	115341.34	26939.95	29951.17
2	2	1410	1410	128	8	112035.02	26224.61	36339.44
2	2	450	450	128	16	155413.40	26714.31	34004.54
2	2	450	690	128	16	140984.83	24462.45	31933.54
2	2	450	930	128	16	125677.13	22188.36	30182.26
2	2	450	1170	128	16	119922.27	21316.06	31100.30
2	2	450	1410	128	16	118742.38	21093.97	38438.49
2	2	690	450	128	16	153060.64	26408.27	33642.05
2	2	690	690	128	16	139741.81	24386.64	31749.03
2	2	690	930	128	16	122876.74	21805.87	29728.40
2	2	690	1170	128	16	118998.02	21324.36	30943.38
2	2	690	1410	128	16	117151.11	21011.81	37878.23
2	2	930	450	128	16	152152.62	26747.23	33518.23
2	2	930	690	128	16	139551.30	24794.07	31801.65
2	2	930	930	128	16	123353.98	22286.45	29922.99
2	2	930	1170	128	16	117753.29	21391.44	30839.45
2	2	930	1410	128	16	115259.34	21020.99	37738.22
2	2	1170	450	128	16	151092.75	28161.40	33385.76
2	2	1170	690	128	16	134944.39	25548.39	31257.08
2	2	1170	930	128	16	121865.26	23418.12	29706.16
2	2	1170	1170	128	16	116123.35	22441.95	30439.83
2	2	1170	1410	128	16	114678.19	22163.98	37765.22
2	2	1410	450	128	16	150641.62	33922.01	33207.05
2	2	1410	690	128	16	134678.57	30870.16	31128.53
2	2	1410	930	128	16	122498.79	28536.80	29675.09
2	2	1410	1170	128	16	116396.44	27401.62	30600.97
2	2	1410	1410	128	16	114862.16	27015.31	37716.16
2	2	450	450	128	32	158890.70	27348.71	34747.85
2	2	450	690	128	32	147775.93	25678.73	33354.29
2	2	450	930	128	32	130509.66	23123.73	31234.63
2	2	450	1170	128	32	126506.17	22559.55	32553.29
2	2	450	1410	128	32	124313.02	22263.52	39872.85
2	2	690	450	128	32	155682.28	27074.45	34261.45
2	2	690	690	128	32	145007.03	25414.78	32961.03
2	2	690	930	128	32	128366.11	22985.57	30828.44
2	2	690	1170	128	32	124187.60	22340.73	32096.63
2	2	690	1410	128	32	122233.46	22048.36	39553.79
2	2	930	450	128	32	154446.09	27375.27	34210.38
2	2	930	690	128	32	144189.90	25803.82	32884.29
2	2	930	930	128	32	126744.96	23016.80	30598.50
2	2	930	1170	128	32	122813.48	22457.53	32043.16
2	2	930	1410	128	32	122876.39	22516.58	39540.36
2	2	1170	450	128	32	153327.04	28879.95	34054.26
2	2	1170	690	128	32	142492.19	27137.66	32712.20
2	2	1170	930	128	32	125654.67	24331.80	30587.42
2	2	1170	1170	128	32	121408.21	23716.98	31751.38
2	2	1170	1410	128	32	119314.72	23311.41	38907.20
2	2	1410	450	128	32	152974.96	34941.78	33977.69
2	2	1410	690	128	32	142305.41	32933.56	32579.32
2	2	1410	930	128	32	125784.70	29574.51	30498.52
2	2	1410	1170	128	32	121908.59	28771.28	31829.27
2	2	1410	1410	128	32	119983.37	28471.78	39072.99
2	2	450	450	128	64	169003.01	29266.73	36271.33
2	2	450	690	128	64	153900.87	26861.57	34346.02
2	2	450	930	128	64	140303.56	24914.05	32721.09
2	2	450	1170	128	64	139060.68	24839.25	34995.80
2	2	450	1410	128	64	139017.79	24702.27	43176.77
2	2	690	450	128	64	168202.54	29375.47	36384.13
2	2	690	690	128	64	154854.75	27249.86	34414.34
2	2	690	930	128	64	137932.18	24713.05	32356.66
2	2	690	1170	128	64	135612.43	24380.98	34265.53
2	2	690	1410	128	64	133902.31	24106.59	41985.02
2	2	930	450	128	64	167089.36	29695.76	36065.43
2	2	930	690	128	64	154333.86	27687.03	34445.01
2	2	930	930	128	64	137380.50	25088.62	32376.77
2	2	930	1170	128	64	134134.78	24630.94	33948.80
2	2	930	1410	128	64	131883.45	24270.05	41647.23
2	2	1170	450	128	64	167694.09	31681.35	36199.18
2	2	1170	690	128	64	153471.47	29390.91	34243.96
2	2	1170	930	128	64	142074.86	27375.60	32994.56
2	2	1170	1170	128	64	133840.74	26243.27	33914.70
2	2	1170	1410	128	64	131281.65	25846.05	41563.62
2	2	1410	450	128	64	163852.35	37776.72	35578.18
2	2	1410	690	128	64	152297.79	35696.45	34148.48
2	2	1410	930	128	64	135339.79	32248.86	32199.98
2	2	1410	1170	128	64	132338.42	31474.31	33600.70
2	2	1410	1410	128	64	129996.55	31143.89	41260.95
2	2	450	450	128	128	337856.78	58622.52	72654.99
2	2	450	690	128	128	306589.06	53647.91	68546.52
2	2	450	930	128	128	287248.25	50724.95	66553.68
2	2	450	1170	128	128	276396.73	49243.64	69507.55
2	2	450	1410	128	128	294032.55	52208.95	91197.26
2	2	690	450	128	128	347204.53	60389.09	74226.73
2	2	690	690	128	128	323405.23	56827.38	72145.94
2	2	690	930	128	128	277385.26	49924.73	65400.16
2	2	690	1170	128	128	281451.26	50742.41	71470.77
2	2	690	1410	128	128	273831.71	49258.58	85571.66
2	2	930	450	128	128	338701.68	60253.41	73239.59
2	2	930	690	128	128	307478.92	55348.02	68815.27
2	2	930	930	128	128	283564.30	51559.48	65985.80
2	2	930	1170	128	128	270614.45	49775.14	68746.56
2	2	930	1410	128	128	267738.92	49268.16	84602.55
2	2	1170	450	128	128	374900.28	71093.51	82150.26
2	2	1170	690	128	128	316459.14	60156.09	70103.41
2	2	1170	930	128	128	299449.37	57735.86	69272.79
2	2	1170	1170	128	128	272213.08	53045.50	68909.44
2	2	1170	1410	128	128	261445.18	51263.66	82700.68
2	2	1410	450	128	128	327908.91	75732.27	71684.94
2	2	1410	690	128	128	314639.88	73566.29	70963.23
2	2	1410	930	128	128	291537.67	69065.41	68956.21
2	2	1410	1170	128	128	290488.35	68899.39	72797.49
2	2	1410	1410	128	128	281542.73	67046.73	87869.96
2	2	450	450	128	256	665765.72	115440.70	143357.76
2	2	450	690	128	256	633204.83	110751.43	141872.92
2	2	450	930	128	256	558137.39	99153.70	130828.59
2	2	450	1170	128	256	539440.24	96885.05	137130.47
2	2	450	1410	128	256	533113.14	95742.74	166614.46
2	2	690	450	128	256	653628.32	114686.44	142145.43
2	2	690	690	128	256	662495.12	116368.26	146123.33
2	2	690	930	128	256	567049.77	101632.62	132986.09
2	2	690	1170	128	256	534168.97	96649.20	135638.16
2	2	690	1410	128	256	533906.70	96388.58	166692.41
2	2	930	450	128	256	654271.80	116957.67	142365.95
2	2	930	690	128	256	605488.72	109266.93	136195.43
2	2	930	930	128	256	536136.49	98674.77	127965.28
2	2	930	1170	128	256	532584.14	97870.55	135245.59
2	2	930	1410	128	256	531123.89	97758.90	165985.76
2	2	1170	450	128	256	651721.46	123932.90	142007.17
2	2	1170	690	128	256	612999.81	117574.17	138012.07
2	2	1170	930	128	256	536465.44	105213.62	128129.20
2	2	1170	1170	128	256	524785.54	103353.83	135305.77
2	2	1170	1410	128	256	544136.53	106913.86	172674.79
2	2	1410	450	128	256	658242.49	151800.38	142839.70
2	2	1410	690	128	256	596188.48	139729.67	135217.02
2	2	1410	930	128	256	549205.25	130832.91	130376.41
2	2	1410	1170	128	256	528094.93	126740.75	135741.79
2	2	1410	1410	128	256	512451.89	123501.50	164823.93
2	2	450	450	512	1	102570.43	16992.28	20575.50
2	2	450	690	512	1	94265.80	15679.98	19387.16
2	2	450	930	512	1	85983.33	14450.36	18406.90
2	2	450	1170	512	1	83651.23	14080.26	19148.45
2	2	450	1410	512	1	82358.57	13914.74	23300.32
2	2	690	450	512	1	101485.70	16875.42	20263.12
2	2	690	690	512	1	92356.09	15530.49	19082.84
2	2	690	930	512	1	83686.66	14125.19	17922.67
2	2	690	1170	512	1	82555.12	14014.77	19018.27
2	2	690	1410	512	1	81653.80	13904.87	23103.31
2	2	930	450	512	1	99744.03	16913.21	20042.91
2	2	930	690	512	1	91689.82	15694.01	18976.23
2	2	930	930	512	1	82562.45	14380.18	17847.04
2	2	930	1170	512	1	80982.88	14125.55	18680.52
2	2	930	1410	512	1	80192.95	13996.93	22828.62
2	2	1170	450	512	1	99068.92	17867.84	19909.66
2	2	1170	690	512	1	89406.27	16233.96	18671.79
2	2	1170	930	512	1	81812.12	14981.90	17845.42
2	2	1170	1170	512	1	80051.28	14715.16	18729.23
2	2	1170	1410	512	1	79600.43	14657.27	23003.07
2	2	1410	450	512	1	99113.71	21472.24	19954.40
2	2	1410	690	512	1	89456.52	19560.74	18670.03
2	2	1410	930	512	1	81462.30	18085.28	17703.38
2	2	1410	1170	512	1	80166.98	17771.37	18572.59
2	2	1410	1410	512	1	79623.00	17700.29	23056.22
2	2	450	450	512	4	152976.02	26115.36	33429.74
2	2	450	690	512	4	137226.42	23728.10	31329.33
2	2	450	930	512	4	122889.50	21608.52	29376.07
2	2	450	1170	512	4	117623.39	20796.19	30405.70
2	2	450	1410	512	4	115938.78	20552.98	37227.60
2	2	690	450	512	4	151845.65	26026.01	33278.98
2	2	690	690	512	4	138378.50	23995.28	31391.66
2	2	690	930	512	4	120143.92	21260.84	28965.03
2	2	690	1170	512	4	116268.73	20677.16	30126.48
2	2	690	1410	512	4	114321.19	20444.12	36790.59
2	2	930	450	512	4	149611.08	26108.64	32922.62
2	2	930	690	512	4	136520.02	24175.35	31173.74
2	2	930	930	512	4	118392.61	21371.23	28743.08
2	2	930	1170	512	4	115215.33	20808.55	29961.51
2	2	930	1410	512	4	113017.17	20494.52	36611.78
2	2	1170	450	512	4	149644.40	27818.70	33031.17
2	2	1170	690	512	4	135833.21	25601.41	31087.61
2	2	1170	930	512	4	118198.11	22689.52	28670.28
2	2	1170	1170	512	4	113637.35	21890.74	29761.35
2	2	1170	1410	512	4	112075.59	21619.44	36447.52
2	2	1410	450	512	4	148354.43	33302.77	32752.65
2	2	1410	690	512	4	136201.69	30944.66	31091.44
2	2	1410	930	512	4	118059.05	27391.05	28659.06
2	2	1410	1170	512	4	113781.96	26494.66	29677.88
2	2	1410	1410	512	4	112108.40	26186.76	36355.12
2	2	450	450	512	8	155418.81	26658.86	33976.74
2	2	450	690	512	8	141986.76	24530.09	31999.33
2	2	450	930	512	8	124819.07	21913.74	29760.11
2	2	450	1170	512	8	119821.86	21220.65	30823.13
2	2	450	1410	512	8	117836.72	20896.19	37640.98
2	2	690	450	512	8	155933.91	26774.52	33949.27
2	2	690	690	512	8	140217.66	24468.30	31829.73
2	2	690	930	512	8	122632.56	21848.64	29550.04
2	2	690	1170	512	8	119212.47	21216.31	30722.15
2	2	690	1410	512	8	117705.97	21002.69	37652.17
2	2	930	450	512	8	153371.90	26831.59	33748.98
2	2	930	690	512	8	139277.98	24778.48	31631.77
2	2	930	930	512	8	121980.91	22017.86	29336.43
2	2	930	1170	512	8	117237.93	21259.24	30473.67
2	2	930	1410	512	8	116816.04	21157.81	37547.00
2	2	1170	450	512	8	151863.04	28334.91	33552.24
2	2	1170	690	512	8	138870.59	26200.45	31625.64
2	2	1170	930	512	8	120161.69	23077.62	29117.37
2	2	1170	1170	512	8	117390.60	22655.97	30543.59
2	2	1170	1410	512	8	115656.47	22368.49	37574.92
2	2	1410	450	512	8	152141.55	34306.05	33491.51
2	2	1410	690	512	8	139096.32	31869.33	31692.61
2	2	1410	930	512	8	121064.31	28272.84	29393.96
2	2	1410	1170	512	8	116906.48	27408.16	30420.93
2	2	1410	1410	512	8	115190.44	27054.94	37288.14
2	2	450	450	512	16	160888.90	27680.59	35013.00
2	2	450	690	512	16	148476.65	25761.52	33409.81
2	2	450	930	512	16	130135.74	23038.49	31028.96
2	2	450	1170	512	16	125794.44	22368.11	32241.57
2	2	450	1410	512	16	123779.14	22069.75	39378.73
2	2	690	450	512	16	159751.05	27569.23	34857.09
2	2	690	690	512	16	146018.14	25479.05	32985.80
2	2	690	930	512	16	130370.45	23116.21	31080.76
2	2	690	1170	512	16	124921.44	22348.13	32142.77
2	2	690	1410	512	16	123121.68	22059.69	39508.02
2	2	930	450	512	16	159330.39	28007.94	34854.27
2	2	930	690	512	16	145980.09	25954.98	32993.84
2	2	930	930	512	16	127014.71	23036.91	30528.39
2	2	930	1170	512	16	124480.42	22700.03	32007.28
2	2	930	1410	512	16	124530.09	22679.33	39649.96
2	2	1170	450	512	16	158131.29	29549.05	34688.74
2	2	1170	690	512	16	145094.19	27500.80	32939.34
2	2	1170	930	512	16	136820.70	26160.18	32454.80
2	2	1170	1170	512	16	133116.83	25669.67	34028.22
2	2	1170	1410	512	16	131488.77	25372.45	41585.02
2	2	1410	450	512	16	168292.18	37790.41	36499.00
2	2	1410	690	512	16	154326.73	35264.61	34722.77
2	2	1410	930	512	16	137209.19	31913.95	32604.52
2	2	1410	1170	512	16	132964.11	31076.30	34042.84
2	2	1410	1410	512	16	130211.35	30505.82	41480.16
2	2	450	450	512	32	185647.52	32088.74	40021.91
2	2	450	690	512	32	176012.82	30967.23	39174.89
2	2	450	930	512	32	142636.64	25429.66	33730.35
2	2	450	1170	512	32	140468.25	25331.38	35788.65
2	2	450	1410	512	32	150699.64	26833.45	46957.07
2	2	690	450	512	32	166036.46	28989.27	36419.91
2	2	690	690	512	32	156938.96	27676.55	35435.21
2	2	690	930	512	32	140549.73	25204.52	33420.47
2	2	690	1170	512	32	136999.25	24595.42	34999.13
2	2	690	1410	512	32	134681.19	24361.95	42900.05
2	2	930	450	512	32	168708.04	29830.90	36706.59
2	2	930	690	512	32	160727.23	28656.01	35783.16
2	2	930	930	512	32	140681.78	25557.09	33528.95
2	2	930	1170	512	32	133913.88	24556.32	34591.42
2	2	930	1410	512	32	130853.49	24080.99	42210.09
2	2	1170	450	512	32	164537.52	31133.41	36236.27
2	2	1170	690	512	32	155206.86	29704.18	35351.48
2	2	1170	930	512	32	136590.10	26642.77	32856.53
2	2	1170	1170	512	32	133345.46	26150.26	34490.46
2	2	1170	1410	512	32	130645.10	25754.58	42595.64
2	2	1410	450	512	32	164638.05	37889.95	36363.82
2	2	1410	690	512	32	153970.41	35782.59	34984.20
2	2	1410	930	512	32	137330.53	32566.71	33039.46
2	2	1410	1170	512	32	133383.30	31901.88	34757.15
2	2	1410	1410	512	32	130750.45	31291.04	42422.95
2	2	450	450	512	64	188700.11	33058.26	40305.98
2	2	450	690	512	64	177021.57	31333.09	39165.55
2	2	450	930	512	64	160239.38	28832.15	37281.41
2	2	450	1170	512	64	157215.49	28430.42	39205.78
2	2	450	1410	512	64	154821.52	27965.61	47942.12
2	2	690	450	512	64	192002.66	33502.16	40829.11
2	2	690	690	512	64	176070.37	31436.10	39102.20
2	2	690	930	512	64	158934.02	28786.80	36840.68
2	2	690	1170	512	64	155840.15	28255.93	38827.72
2	2	690	1410	512	64	155991.73	28392.69	48544.16
2	2	930	450	512	64	185247.29	33222.55	39863.15
2	2	930	690	512	64	171996.94	31267.33	38250.06
2	2	930	930	512	64	155180.13	28593.58	36633.89
2	2	930	1170	512	64	152149.06	28185.49	38549.08
2	2	930	1410	512	64	150352.84	27892.07	47731.01
2	2	1170	450	512	64	188423.46	35788.91	40161.91
2	2	1170	690	512	64	188042.16	36189.40	42227.59
2	2	1170	930	512	64	155944.33	30681.83	36763.69
2	2	1170	1170	512	64	152713.07	30162.67	38634.98
2	2	1170	1410	512	64	151374.04	29987.04	47695.60
2	2	1410	450	512	64	187197.17	43346.09	40170.23
2	2	1410	690	512	64	197503.56	45683.45	42619.52
2	2	1410	930	512	64	156271.66	37610.64	36629.27
2	2	1410	1170	512	64	156371.46	37614.88	39272.91
2	2	1410	1410	512	64	154307.75	37169.03	48322.10
2	2	450	450	512	128	366754.59	64338.55	78610.16
2	2	450	690	512	128	341345.28	60505.41	75634.52
2	2	450	930	512	128	307393.23	55459.23	71789.19
2	2	450	1170	512	128	302787.09	54736.48	75642.70
2	2	450	1410	512	128	297198.05	53808.58	92452.39
2	2	690	450	512	128	357841.13	63256.67	77304.69
2	2	690	690	512	128	338191.27	60176.22	75175.59
2	2	690	930	512	128	301966.43	54898.55	70818.63
2	2	690	1170	512	128	294446.66	53919.25	74781.35
2	2	690	1410	512	128	291295.36	53328.70	91628.00
2	2	930	450	512	128	356214.09	64187.84	77217.34
2	2	930	690	512	128	332989.67	60599.96	74310.70
2	2	930	930	512	128	298516.12	55367.99	70347.60
2	2	930	1170	512	128	291865.06	54395.43	73905.32
2	2	930	1410	512	128	294120.64	54482.16	92262.12
2	2	1170	450	512	128	355323.59	68310.78	76992.09
2	2	1170	690	512	128	330178.18	64001.77	73730.33
2	2	1170	930	512	128	298714.49	59002.62	70376.62
2	2	1170	1170	512	128	290409.72	57645.25	73907.77
2	2	1170	1410	512	128	287104.11	57135.44	91402.81
2	2	1410	450	512	128	352027.09	82163.05	76412.02
2	2	1410	690	512	128	329166.98	77876.77	73638.68
2	2	1410	930	512	128	301187.64	72464.17	70566.87
2	2	1410	1170	512	128	289587.97	70437.05	73953.43
2	2	1410	1410	512	128	286020.62	69782.85	91114.51
2	2	450	450	512	256	716414.06	125541.71	153371.61
2	2	450	690	512	256	660739.10	117467.62	146830.54
2	2	450	930	512	256	595758.02	107212.01	138262.34
2	2	450	1170	512	256	584449.13	105815.67	146308.59
2	2	450	1410	512	256	572605.72	104189.55	179634.70
2	2	690	450	512	256	698461.26	123927.96	151209.16
2	2	690	690	512	256	657628.28	117467.16	145859.84
2	2	690	930	512	256	578364.68	105729.90	136329.08
2	2	690	1170	512	256	568664.31	104446.80	143991.73
2	2	690	1410	512	256	560737.76	103044.88	177882.65
2	2	930	450	512	256	693330.39	124843.20	149863.31
2	2	930	690	512	256	638457.70	116622.66	143419.20
2	2	930	930	512	256	567357.44	105963.19	135138.29
2	2	930	1170	512	256	559564.07	104667.63	142819.11
2	2	930	1410	512	256	552258.70	103722.18	177337.45
2	2	1170	450	512	256	694874.67	133405.51	150436.41
2	2	1170	690	512	256	637449.07	123913.39	143473.25
2	2	1170	930	512	256	578067.81	114525.32	136822.30
2	2	1170	1170	512	256	558705.00	111385.59	143091.32
2	2	1170	1410	512	256	554400.08	110700.16	176963.29
2	2	1410	450	512	256	684862.80	160742.42	148951.06
2	2	1410	690	512	256	632284.72	150529.80	142361.49
2	2	1410	930	512	256	569882.48	138421.78	135389.36
2	2	1410	1170	512	256	558284.39	135705.98	142303.14
2	2	1410	1410	512	256	546352.92	133653.61	175108.80
2	2	450	450	1024	1	104008.67	17131.01	20727.94
2	2	450	690	1024	1	95547.14	15873.55	19443.12
2	2	450	930	1024	1	86473.53	14483.95	18344.02
2	2	450	1170	1024	1	84813.19	14254.99	19284.88
2	2	450	1410	1024	1	83551.70	14082.32	23578.32
2	2	690	450	1024	1	102506.76	17041.72	20339.01
2	2	690	690	1024	1	93579.94	15642.43	19141.36
2	2	690	930	1024	1	84591.59	14372.65	18151.80
2	2	690	1170	1024	1	83454.25	14235.06	19033.66
2	2	690	1410	1024	1	81817.27	13903.82	23183.15
2	2	930	450	1024	1	100196.72	17032.85	20154.93
2	2	930	690	1024	1	92438.92	15786.30	19080.84
2	2	930	930	1024	1	82575.85	14254.68	17893.31
2	2	930	1170	1024	1	81128.60	14003.48	18727.54
2	2	930	1410	1024	1	80550.28	13998.77	22897.28
2	2	1170	450	1024	1	99499.32	17924.24	20017.66
2	2	1170	690	1024	1	91401.18	16629.99	18907.67
2	2	1170	930	1024	1	82198.37	15062.52	17807.89
2	2	1170	1170	1024	1	82367.21	15142.72	18930.59
2	2	1170	1410	1024	1	81031.12	14892.49	22965.98
2	2	1410	450	1024	1	100467.38	21780.14	20142.68
2	2	1410	690	1024	1	91053.64	19931.91	18890.95
2	2	1410	930	1024	1	83029.66	18374.43	17922.88
2	2	1410	1170	1024	1	81246.63	18132.66	18743.33
2	2	1410	1410	1024	1	80392.14	17827.40	22875.93
2	2	450	450	1024	4	154706.19	26406.59	33650.06
2	2	450	690	1024	4	141527.92	24333.28	31776.81
2	2	450	930	1024	4	124662.96	21875.92	29681.68
2	2	450	1170	1024	4	119902.11	21119.77	30733.05
2	2	450	1410	1024	4	116797.72	20684.92	37228.62
2	2	690	450	1024	4	153307.60	26337.86	33516.95
2	2	690	690	1024	4	139471.03	24196.21	31588.40
2	2	690	930	1024	4	124068.99	21899.95	29648.84
2	2	690	1170	1024	4	118423.33	21066.27	30497.40
2	2	690	1410	1024	4	116265.46	20706.26	37447.12
2	2	930	450	1024	4	150935.34	26369.78	33214.70
2	2	930	690	1024	4	137928.55	24449.30	31411.66
2	2	930	930	1024	4	120000.83	21636.53	29094.76
2	2	930	1170	1024	4	116353.63	21014.88	30260.03
2	2	930	1410	1024	4	115283.61	20898.62	37235.26
2	2	1170	450	1024	4	151034.80	28026.81	33170.98
2	2	1170	690	1024	4	137974.87	25991.01	31497.20
2	2	1170	930	1024	4	120625.29	23074.48	29136.84
2	2	1170	1170	1024	4	115923.05	22367.09	30279.05
2	2	1170	1410	1024	4	115514.72	22210.69	37350.09
2	2	1410	450	1024	4	151658.69	34100.84	33393.46
2	2	1410	690	1024	4	137413.94	31355.19	31268.58
2	2	1410	930	1024	4	120630.71	28037.12	29176.39
2	2	1410	1170	1024	4	116629.10	27113.91	30351.62
2	2	1410	1410	1024	4	114857.59	26967.62	37167.31
2	2	450	450	1024	8	159318.04	27323.52	34678.69
2	2	450	690	1024	8	146303.38	25423.37	32816.55
2	2	450	930	1024	8	129119.02	22799.60	30692.71
2	2	450	1170	1024	8	124807.00	22085.88	31953.36
2	2	450	1410	1024	8	122990.09	21767.84	39010.28
2	2	690	450	1024	8	158471.21	27289.77	34564.26
2	2	690	690	1024	8	144324.16	25094.37	32471.37
2	2	690	930	1024	8	127948.29	22653.09	30442.38
2	2	690	1170	1024	8	124242.63	22108.04	31624.16
2	2	690	1410	1024	8	122119.13	21814.80	38821.74
2	2	930	450	1024	8	156037.59	27397.98	34268.02
2	2	930	690	1024	8	142987.70	25404.77	32427.80
2	2	930	930	1024	8	124523.02	22536.74	30075.95
2	2	930	1170	1024	8	121766.10	22068.48	31422.86
2	2	930	1410	1024	8	120729.07	21949.95	38680.95
2	2	1170	450	1024	8	156300.80	29214.98	34346.55
2	2	1170	690	1024	8	142563.32	26912.84	32383.30
2	2	1170	930	1024	8	125116.80	24055.75	30049.55
2	2	1170	1170	1024	8	120687.10	23347.85	31274.21
2	2	1170	1410	1024	8	119012.03	22960.68	38295.09
2	2	1410	450	1024	8	155007.62	35039.63	34104.25
2	2	1410	690	1024	8	142145.47	32491.75	32342.72
2	2	1410	930	1024	8	124428.84	28915.44	30028.05
2	2	1410	1170	1024	8	120544.27	28303.18	31242.05
2	2	1410	1410	1024	8	118749.51	27832.72	38443.05
2	2	450	450	1024	16	168645.46	29094.91	36511.61
2	2	450	690	1024	16	156378.07	27243.51	34913.17
2	2	450	930	1024	16	138534.79	24529.20	32705.64
2	2	450	1170	1024	16	134359.65	23906.84	34164.87
2	2	450	1410	1024	16	131264.80	23447.15	41807.42
2	2	690	450	1024	16	166859.54	28935.60	36304.45
2	2	690	690	1024	16	154201.77	27054.63	34695.59
2	2	690	930	1024	16	136455.21	24427.16	32674.29
2	2	690	1170	1024	16	132580.74	23780.28	33833.65
2	2	690	1410	1024	16	131552.39	23613.05	41716.43
2	2	930	450	1024	16	165776.42	29195.66	36147.48
2	2	930	690	1024	16	152258.32	27174.45	34349.30
2	2	930	930	1024	16	134722.36	24506.24	32184.08
2	2	930	1170	1024	16	130964.53	23907.98	33615.04
2	2	930	1410	1024	16	129226.46	23564.85	41224.98
2	2	1170	450	1024	16	165091.38	30923.09	36121.05
2	2	1170	690	1024	16	151745.99	28887.88	34223.66
2	2	1170	930	1024	16	134792.73	26147.30	32015.98
2	2	1170	1170	1024	16	130152.95	25346.86	33507.15
2	2	1170	1410	1024	16	128780.96	25136.29	41194.70
2	2	1410	450	1024	16	165491.22	37582.73	36181.45
2	2	1410	690	1024	16	151345.15	34881.09	34166.96
2	2	1410	930	1024	16	133878.82	31486.60	32170.37
2	2	1410	1170	1024	16	129722.22	30828.31	33683.88
2	2	1410	1410	1024	16	128382.99	30401.04	41246.20
2	2	450	450	1024	32	181850.51	31820.53	39407.66
2	2	450	690	1024	32	171133.73	30165.95	38222.20
2	2	450	930	1024	32	153739.26	27606.84	36282.52
2	2	450	1170	1024	32	149026.01	26860.01	37802.44
2	2	450	1410	1024	32	146543.73	26581.36	46839.27
2	2	690	450	1024	32	179559.85	31597.08	39185.18
2	2	690	690	1024	32	167747.92	29709.48	37840.81
2	2	690	930	1024	32	151022.48	27383.40	35896.23
2	2	690	1170	1024	32	147455.24	26777.32	37616.01
2	2	690	1410	1024	32	145653.93	26528.66	46335.62
2	2	930	450	1024	32	181585.75	32202.52	39150.06
2	2	930	690	1024	32	165662.33	29889.80	37467.24
2	2	930	930	1024	32	148840.23	27346.67	35602.34
2	2	930	1170	1024	32	145058.20	26788.03	37138.22
2	2	930	1410	1024	32	143551.36	26630.45	45824.79
2	2	1170	450	1024	32	180533.98	34336.77	39540.24
2	2	1170	690	1024	32	165807.40	31836.72	37346.84
2	2	1170	930	1024	32	148456.71	29112.98	35592.52
2	2	1170	1170	1024	32	144573.36	28461.98	37183.35
2	2	1170	1410	1024	32	143841.22	28375.99	46178.84
2	2	1410	450	1024	32	175287.61	40576.59	38570.45
2	2	1410	690	1024	32	165774.11	38853.38	37690.83
2	2	1410	930	1024	32	148699.57	35516.29	35615.63
2	2	1410	1170	1024	32	143920.39	34610.55	37265.48
2	2	1410	1410	1024	32	141860.08	34302.02	46023.19
2	2	450	450	1024	64	212451.50	37426.31	44993.60
2	2	450	690	1024	64	199920.76	35482.40	43745.17
2	2	450	930	1024	64	183442.96	33257.37	42405.91
2	2	450	1170	1024	64	180315.18	32767.81	44792.36
2	2	450	1410	1024	64	179010.42	32547.07	55444.96
2	2	690	450	1024	64	217087.07	38258.37	45651.69
2	2	690	690	1024	64	197406.51	35426.62	43443.05
2	2	690	930	1024	64	180156.42	32883.33	41844.67
2	2	690	1170	1024	64	176471.69	32376.34	44075.02
2	2	690	1410	1024	64	174930.44	32085.11	54135.72
2	2	930	450	1024	64	206747.87	37232.09	44308.61
2	2	930	690	1024	64	191721.81	34990.64	42819.88
2	2	930	930	1024	64	178380.11	33071.40	41822.46
2	2	930	1170	1024	64	175484.79	32812.40	44114.64
2	2	930	1410	1024	64	173370.81	32395.60	54226.08
2	2	1170	450	1024	64	206400.36	39799.29	44397.96
2	2	1170	690	1024	64	194331.41	37917.31	43175.22
2	2	1170	930	1024	64	176702.38	35126.34	41453.43
2	2	1170	1170	1024	64	174261.95	34752.77	43854.91
2	2	1170	1410	1024	64	171906.92	34362.02	54148.89
2	2	1410	450	1024	64	205318.27	48220.91	44250.83
2	2	1410	690	1024	64	194174.86	46188.46	43185.69
2	2	1410	930	1024	64	176060.44	42914.08	41458.42
2	2	1410	1170	1024	64	173531.85	42357.25	43711.24
2	2	1410	1410	1024	64	176992.74	42912.46	54902.84
2	2	450	450	1024	128	394435.14	69631.47	83626.05
2	2	450	690	1024	128	371293.79	66213.26	81309.55
2	2	450	930	1024	128	337332.86	61273.82	77655.43
2	2	450	1170	1024	128	331589.68	60262.27	81665.91
2	2	450	1410	1024	128	326691.10	59616.45	101058.27
2	2	690	450	1024	128	390218.41	69376.91	83229.51
2	2	690	690	1024	128	362739.42	65373.14	80068.20
2	2	690	930	1024	128	328437.59	60379.77	76489.19
2	2	690	1170	1024	128	330255.38	60555.22	81866.00
2	2	690	1410	1024	128	319033.50	59083.36	99858.18
2	2	930	450	1024	128	382325.58	69559.52	82485.10
2	2	930	690	1024	128	357631.85	65787.50	79525.81
2	2	930	930	1024	128	323173.27	60454.91	75790.95
2	2	930	1170	1024	128	317991.41	59687.58	79932.92
2	2	930	1410	1024	128	315177.80	59343.74	99484.45
2	2	1170	450	1024	128	382049.84	73960.19	82307.03
2	2	1170	690	1024	128	358230.59	70207.46	79627.25
2	2	1170	930	1024	128	331287.72	65875.12	77109.29
2	2	1170	1170	1024	128	318544.66	64066.32	80721.51
2	2	1170	1410	1024	128	310401.09	62454.69	98438.62
2	2	1410	450	1024	128	378993.17	89489.03	81880.70
2	2	1410	690	1024	128	354966.65	84953.49	79318.46
2	2	1410	930	1024	128	321127.87	78759.97	75917.26
2	2	1410	1170	1024	128	314221.64	77137.57	79422.38
2	2	1410	1410	1024	128	310115.62	76311.37	98229.09
2	2	690	690	1024	256	686413.10	124330.56	152020.35
2	2	690	930	1024	256	623848.10	114775.88	144858.88
2	2	690	1170	1024	256	608055.18	112733.62	152616.20
2	2	690	1410	1024	256	600202.97	111595.66	188390.52
2	2	930	690	1024	256	678386.13	125230.75	151475.52
2	2	930	930	1024	256	617427.80	115731.84	144292.24
2	2	930	1170	1024	256	601244.58	113121.59	151211.98
2	2	930	1410	1024	256	589786.91	111400.17	186026.25
2	2	1170	690	1024	256	675288.06	132741.43	151030.84
2	2	1170	930	1024	256	608010.13	122065.26	143387.11
2	2	1170	1170	1024	256	602093.14	120921.83	152258.40
2	2	1170	1410	1024	256	587642.27	118774.52	187471.38
2	2	1410	690	1024	256	671090.87	160854.60	150360.73
2	2	1410	930	1024	256	603611.10	148275.34	142570.07
2	2	1410	1170	1024	256	598792.76	147136.36	150995.62
2	2	1410	1410	1024	256	586809.77	145135.55	186162.70
2	2	450	450	2048	1	105401.03	17325.81	20923.22
2	2	450	690	2048	1	97351.58	16187.76	19822.27
2	2	450	930	2048	1	88111.23	14733.42	18632.88
2	2	450	1170	2048	1	86220.39	14501.55	19572.53
2	2	450	1410	2048	1	85126.24	14258.87	23847.98
2	2	690	450	2048	1	104125.64	17279.70	20674.64
2	2	690	690	2048	1	96008.95	16016.63	19615.52
2	2	690	930	2048	1	86723.37	14594.64	18468.23
2	2	690	1170	2048	1	85497.50	14468.12	19410.39
2	2	690	1410	2048	1	83997.60	14248.48	23582.23
2	2	930	450	2048	1	102285.28	17266.52	20377.84
2	2	930	690	2048	1	94411.41	16037.64	19249.42
2	2	930	930	2048	1	85524.63	14724.15	18240.31
2	2	930	1170	2048	1	83047.10	14360.32	18827.41
2	2	930	1410	2048	1	81776.77	14171.01	23134.79
2	2	1170	450	2048	1	101085.29	18180.62	20188.23
2	2	1170	690	2048	1	91101.31	16507.07	18843.97
2	2	1170	930	2048	1	83471.95	15296.55	17928.27
2	2	1170	1170	2048	1	81808.70	14986.76	18782.26
2	2	1170	1410	2048	1	80408.94	14786.41	23171.27
2	2	1410	450	2048	1	100624.17	21810.91	20265.12
2	2	1410	690	2048	1	91044.26	19896.92	18817.91
2	2	1410	930	2048	1	83376.74	18495.54	17878.45
2	2	1410	1170	2048	1	82302.04	18271.76	18888.75
2	2	1410	1410	2048	1	81106.14	18026.16	23119.36
2	2	450	450	2048	4	157939.05	26955.08	34254.96
2	2	450	690	2048	4	141341.24	24443.54	32048.25
2	2	450	930	2048	4	127561.70	22325.08	30334.23
2	2	450	1170	2048	4	122508.82	21622.50	31366.62
2	2	450	1410	2048	4	121021.13	21391.22	38570.13
2	2	690	450	2048	4	155761.12	26699.62	34013.26
2	2	690	690	2048	4	142939.20	24803.77	32216.68
2	2	690	930	2048	4	125235.38	22229.58	29879.88
2	2	690	1170	2048	4	120899.96	21507.08	31070.17
2	2	690	1410	2048	4	119194.73	21261.68	38111.88
2	2	930	450	2048	4	153756.09	26950.95	33670.16
2	2	930	690	2048	4	140378.76	24879.91	31894.79
2	2	930	930	2048	4	123221.64	22215.02	29678.66
2	2	930	1170	2048	4	119625.60	21670.73	30855.51
2	2	930	1410	2048	4	117976.76	21425.32	37907.42
2	2	1170	450	2048	4	153700.64	28580.22	33714.50
2	2	1170	690	2048	4	140918.79	26537.46	31987.38
2	2	1170	930	2048	4	122669.16	23507.46	29616.98
2	2	1170	1170	2048	4	118714.31	22840.91	30813.64
2	2	1170	1410	2048	4	117952.31	22756.59	37948.48
2	2	1410	450	2048	4	154354.41	34714.13	33796.98
2	2	1410	690	2048	4	139987.09	31791.49	31782.65
2	2	1410	930	2048	4	122184.04	28407.73	29443.21
2	2	1410	1170	2048	4	117679.82	27565.08	30537.74
2	2	1410	1410	2048	4	116347.05	27344.09	37516.06
2	2	450	450	2048	8	165326.50	28390.57	35859.86
2	2	450	690	2048	8	152141.91	26417.28	33970.63
2	2	450	930	2048	8	134904.69	23845.02	31952.56
2	2	450	1170	2048	8	131292.30	23376.88	33270.47
2	2	450	1410	2048	8	129827.74	23137.48	40837.06
2	2	690	450	2048	8	164613.43	28426.82	35785.22
2	2	690	690	2048	8	150942.35	26427.60	33860.54
2	2	690	930	2048	8	134136.72	23890.02	31906.06
2	2	690	1170	2048	8	130304.89	23291.67	33227.85
2	2	690	1410	2048	8	127975.95	22954.88	40749.59
2	2	930	450	2048	8	163980.48	28827.29	35672.89
2	2	930	690	2048	8	149761.14	26674.29	33801.41
2	2	930	930	2048	8	132324.90	23955.14	31489.07
2	2	930	1170	2048	8	128663.42	23417.29	32953.48
2	2	930	1410	2048	8	126321.22	23047.66	40335.29
2	2	1170	450	2048	8	162246.84	30428.23	35484.12
2	2	1170	690	2048	8	149075.58	28271.62	33699.56
2	2	1170	930	2048	8	131587.05	25372.16	31579.27
2	2	1170	1170	2048	8	126992.73	24675.34	32679.95
2	2	1170	1410	2048	8	125426.84	24383.60	40217.15
2	2	1410	450	2048	8	162645.59	36783.10	35492.02
2	2	1410	690	2048	8	148583.20	34220.83	33585.86
2	2	1410	930	2048	8	130920.56	30662.02	31339.85
2	2	1410	1170	2048	8	126858.88	29892.07	32619.02
2	2	1410	1410	2048	8	124799.33	29420.20	39980.57
2	2	450	450	2048	16	179438.40	31027.41	38657.26
2	2	450	690	2048	16	166354.11	29126.39	37038.38
2	2	450	930	2048	16	148998.33	26524.95	34980.70
2	2	450	1170	2048	16	144026.29	25801.33	36484.55
2	2	450	1410	2048	16	143183.87	25649.98	44878.95
2	2	690	450	2048	16	177727.73	30996.94	38372.86
2	2	690	690	2048	16	163967.86	28944.54	36716.43
2	2	690	930	2048	16	146004.13	26320.57	34692.16
2	2	690	1170	2048	16	142792.47	25831.94	36389.08
2	2	690	1410	2048	16	140652.79	25498.99	44730.32
2	2	930	450	2048	16	175394.76	31192.94	38144.83
2	2	930	690	2048	16	162727.35	29294.89	36649.40
2	2	930	930	2048	16	144117.03	26439.59	34455.52
2	2	930	1170	2048	16	140696.40	25920.19	36187.25
2	2	930	1410	2048	16	139099.17	25651.80	44493.91
2	2	1170	450	2048	16	175005.15	33172.70	38257.20
2	2	1170	690	2048	16	162217.33	31004.33	36635.96
2	2	1170	930	2048	16	144345.38	28192.64	34442.91
2	2	1170	1170	2048	16	139797.75	27431.62	36030.79
2	2	1170	1410	2048	16	139806.59	27438.92	44770.51
2	2	1410	450	2048	16	174639.00	40012.07	38185.06
2	2	1410	690	2048	16	161860.96	37713.35	36487.20
2	2	1410	930	2048	16	143558.76	34057.32	34370.11
2	2	1410	1170	2048	16	139273.54	33260.41	35843.19
2	2	1410	1410	2048	16	136570.47	32752.79	43837.63
2	2	450	450	2048	32	203500.52	35720.17	43807.14
2	2	450	690	2048	32	192574.00	34276.41	42748.41
2	2	450	930	2048	32	174834.24	31633.06	41010.59
2	2	450	1170	2048	32	171442.58	31217.19	43217.70
2	2	450	1410	2048	32	168505.18	30699.92	53023.99
2	2	690	450	2048	32	200434.36	35469.84	43486.63
2	2	690	690	2048	32	189497.82	33979.97	42423.56
2	2	690	930	2048	32	172034.42	31440.98	40754.68
2	2	690	1170	2048	32	167415.98	30818.16	42607.02
2	2	690	1410	2048	32	165367.50	30402.98	52666.05
2	2	930	450	2048	32	198829.05	35839.89	43393.14
2	2	930	690	2048	32	188173.84	34239.45	42185.49
2	2	930	930	2048	32	170387.63	31638.00	40504.31
2	2	930	1170	2048	32	166388.73	31030.68	42510.80
2	2	930	1410	2048	32	164454.18	30750.01	52602.00
2	2	1170	450	2048	32	199188.25	38291.41	43330.02
2	2	1170	690	2048	32	186826.94	36328.09	42112.38
2	2	1170	930	2048	32	169813.19	33636.23	40461.80
2	2	1170	1170	2048	32	166088.46	32965.09	42462.78
2	2	1170	1410	2048	32	163131.03	32534.95	52204.32
2	2	1410	450	2048	32	197344.41	46007.02	43133.09
2	2	1410	690	2048	32	187655.37	44350.80	42129.90
2	2	1410	930	2048	32	168670.79	40653.22	40259.37
2	2	1410	1170	2048	32	167601.74	40566.92	42704.45
2	2	1410	1410	2048	32	162740.44	39488.71	52030.52
2	2	450	450	2048	64	257041.63	45673.07	54038.61
2	2	450	690	2048	64	243968.51	43740.02	52901.93
2	2	450	930	2048	64	226385.69	41365.86	51779.59
2	2	450	1170	2048	64	224179.05	41164.41	54895.33
2	2	450	1410	2048	64	222314.29	40878.80	67826.60
2	2	690	450	2048	64	253847.98	45478.48	53860.77
2	2	690	690	2048	64	240962.12	43699.20	52695.98
2	2	690	930	2048	64	223110.11	41294.13	51514.97
2	2	690	1170	2048	64	219392.90	40751.70	54202.12
2	2	690	1410	2048	64	218458.91	40539.91	67243.23
2	2	930	450	2048	64	251799.26	45946.70	53614.11
2	2	930	690	2048	64	239450.13	43641.09	51409.49
2	2	930	930	2048	64	220046.54	41341.64	50976.73
2	2	930	1170	2048	64	216985.86	40952.39	53979.74
2	2	930	1410	2048	64	215114.26	40623.70	66896.59
2	2	1170	450	2048	64	251890.76	48984.52	53814.53
2	2	1170	690	2048	64	238084.34	46730.55	52157.02
2	2	1170	930	2048	64	219184.23	43966.52	51126.78
2	2	1170	1170	2048	64	215918.83	43536.87	54022.60
2	2	1170	1410	2048	64	214121.11	43196.12	66920.75
2	2	1410	450	2048	64	248867.55	58975.94	53280.23
2	2	1410	690	2048	64	238761.25	57453.55	52729.57
2	2	1410	930	2048	64	216787.87	53410.77	50929.85
2	2	1410	1170	2048	64	214210.65	52962.98	53836.24
2	2	1410	1410	2048	64	212129.98	52544.95	66722.22
2	2	450	450	2048	128	450722.72	80659.40	94558.45
2	2	450	690	2048	128	425873.60	76861.18	91844.31
2	2	450	930	2048	128	389670.26	71610.88	88349.48
2	2	450	1170	2048	128	385778.69	71083.97	93938.77
2	2	450	1410	2048	128	390397.83	71638.54	117072.72
2	2	690	450	2048	128	444900.00	80112.11	93856.50
2	2	690	690	2048	128	419743.53	76473.38	91092.66
2	2	690	930	2048	128	383017.12	71256.03	87670.63
2	2	690	1170	2048	128	377606.05	70442.12	92883.34
2	2	690	1410	2048	128	372680.11	69783.22	114428.04
2	2	930	450	2048	128	434936.86	80000.52	92448.19
2	2	930	690	2048	128	411683.42	76396.61	90073.20
2	2	930	930	2048	128	375206.40	71084.12	86559.46
2	2	930	1170	2048	128	370146.95	70428.04	91728.27
2	2	930	1410	2048	128	370233.57	70348.15	114031.72
2	2	1170	450	2048	128	438604.94	85808.09	93095.95
2	2	1170	690	2048	128	408524.78	81186.02	89927.19
2	2	1170	930	2048	128	373465.79	75778.34	86748.62
2	2	1170	1170	2048	128	367499.42	74875.47	91883.15
2	2	1170	1410	2048	128	362315.69	73947.67	112916.09
2	2	1410	450	2048	128	431405.83	103177.77	92111.59
2	2	1410	690	2048	128	403221.07	98037.81	89444.77
2	2	1410	930	2048	128	376349.20	93130.24	87280.80
2	2	1410	1170	2048	128	367307.33	91453.38	91839.02
2	2	1410	1410	2048	128	364331.73	90956.59	113498.96
2	2	450	450	4096	1	107654.13	17680.64	21116.70
2	2	450	690	4096	1	99237.07	16473.34	20028.59
2	2	450	930	4096	1	88880.31	14910.98	18737.65
2	2	450	1170	4096	1	88747.64	14842.44	19911.28
2	2	450	1410	4096	1	86576.62	14548.09	23991.66
2	2	690	450	4096	1	105774.60	17516.29	20781.51
2	2	690	690	4096	1	97144.23	16179.14	19676.59
2	2	690	930	4096	1	87809.26	14821.05	18538.56
2	2	690	1170	4096	1	86635.18	14602.21	19589.90
2	2	690	1410	4096	1	88325.88	14895.63	24179.59
2	2	930	450	4096	1	103498.33	17512.51	20549.29
2	2	930	690	4096	1	95628.12	16292.23	19454.36
2	2	930	930	4096	1	85794.58	14752.35	18264.83
2	2	930	1170	4096	1	84907.10	14622.67	19194.20
2	2	930	1410	4096	1	83999.59	14494.66	23474.07
2	2	1170	450	4096	1	103290.80	18460.08	20510.74
2	2	1170	690	4096	1	95153.65	17153.45	19307.96
2	2	1170	930	4096	1	85526.62	15637.59	18256.48
2	2	1170	1170	4096	1	84877.68	15505.19	19302.79
2	2	1170	1410	4096	1	83678.37	15300.24	23524.68
2	2	1410	450	4096	1	103170.72	22342.12	20468.79
2	2	1410	690	4096	1	93713.08	20433.84	19248.83
2	2	1410	930	4096	1	86003.32	18961.20	18255.81
2	2	1410	1170	4096	1	84186.62	18744.38	19061.09
2	2	1410	1410	4096	1	83464.42	18487.34	23584.25
2	2	450	450	4096	4	165254.01	28163.15	35603.18
2	2	450	690	4096	4	148907.59	25789.82	33338.41
2	2	450	930	4096	4	135705.86	23810.06	31882.42
2	2	450	1170	4096	4	130042.33	22945.46	32880.30
2	2	450	1410	4096	4	128817.72	22812.73	40391.36
2	2	690	450	4096	4	164775.56	28324.12	35462.95
2	2	690	690	4096	4	151294.41	26327.12	33687.95
2	2	690	930	4096	4	133026.11	23585.98	31370.40
2	2	690	1170	4096	4	129495.80	23041.46	32746.76
2	2	690	1410	4096	4	127379.37	22742.89	40000.12
2	2	930	450	4096	4	162508.46	28551.95	35191.09
2	2	930	690	4096	4	149406.67	26492.73	33373.62
2	2	930	930	4096	4	132603.97	23886.19	31417.07
2	2	930	1170	4096	4	128376.81	23275.76	32660.52
2	2	930	1410	4096	4	126488.82	22907.77	40023.62
2	2	1170	450	4096	4	162728.15	30301.11	35252.92
2	2	1170	690	4096	4	148358.62	27980.94	33294.27
2	2	1170	930	4096	4	130656.27	25064.19	31029.00
2	2	1170	1170	4096	4	126685.57	24324.44	32288.70
2	2	1170	1410	4096	4	125086.41	24172.56	39804.30
2	2	1410	450	4096	4	160824.61	36340.65	34964.38
2	2	1410	690	4096	4	147162.59	33584.71	33212.70
2	2	1410	930	4096	4	128993.09	30042.67	30848.32
2	2	1410	1170	4096	4	126415.21	29589.88	32282.05
2	2	1410	1410	4096	4	124613.98	29203.55	39650.54
2	2	450	450	4096	8	181233.13	31121.71	38496.59
2	2	450	690	4096	8	163647.89	28526.91	36161.90
2	2	450	930	4096	8	151031.79	26549.59	34817.40
2	2	450	1170	4096	8	143246.10	25593.97	35819.09
2	2	450	1410	4096	8	140544.16	25105.62	43701.29
2	2	690	450	4096	8	176659.81	30664.21	38082.26
2	2	690	690	4096	8	162646.76	28635.26	36224.58
2	2	690	930	4096	8	145965.74	26101.38	34207.66
2	2	690	1170	4096	8	141080.04	25402.91	35646.80
2	2	690	1410	4096	8	138362.02	24987.45	43508.73
2	2	930	450	4096	8	173663.54	30786.16	37611.72
2	2	930	690	4096	8	162023.81	29020.06	36097.66
2	2	930	930	4096	8	143188.83	26030.48	33836.35
2	2	930	1170	4096	8	139920.98	25628.14	35540.16
2	2	930	1410	4096	8	138156.38	25334.59	43569.53
2	2	1170	450	4096	8	173058.84	32668.39	37571.76
2	2	1170	690	4096	8	159596.65	30427.23	35792.84
2	2	1170	930	4096	8	141408.80	27465.59	33621.26
2	2	1170	1170	4096	8	139643.49	27220.66	35437.27
2	2	1170	1410	4096	8	137652.95	26879.75	43398.21
2	2	1410	450	4096	8	172470.20	39342.84	37341.70
2	2	1410	690	4096	8	158776.98	36757.18	35541.47
2	2	1410	930	4096	8	143093.62	33713.91	33748.31
2	2	1410	1170	4096	8	138735.12	32860.41	35216.21
2	2	1410	1410	4096	8	137498.33	32717.75	43365.25
2	2	450	450	4096	16	203752.59	35454.86	43335.04
2	2	450	690	4096	16	189509.69	33446.33	41827.52
2	2	450	930	4096	16	171825.66	30819.62	39924.49
2	2	450	1170	4096	16	167672.66	30273.20	41880.95
2	2	450	1410	4096	16	165958.38	30064.79	51527.01
2	2	690	450	4096	16	199295.59	35084.58	42992.25
2	2	690	690	4096	16	186838.32	33236.34	41497.53
2	2	690	930	4096	16	168531.16	30586.93	39595.72
2	2	690	1170	4096	16	164669.24	30021.79	41426.86
2	2	690	1410	4096	16	163362.57	29843.30	51118.55
2	2	930	450	4096	16	199036.98	35557.78	42943.20
2	2	930	690	4096	16	185347.33	33539.48	41277.40
2	2	930	930	4096	16	167298.91	30874.55	39466.13
2	2	930	1170	4096	16	163077.13	30261.37	41359.63
2	2	930	1410	4096	16	162055.11	30066.96	51108.23
2	2	1170	450	4096	16	198292.47	37740.98	42796.95
2	2	1170	690	4096	16	185590.78	35800.12	41386.77
2	2	1170	930	4096	16	166435.36	32651.21	39356.18
2	2	1170	1170	4096	16	161951.72	31920.87	41217.23
2	2	1170	1410	4096	16	159600.51	31566.85	50375.15
2	2	1410	450	4096	16	197961.56	45636.34	42668.16
2	2	1410	690	4096	16	184746.09	43293.16	41137.70
2	2	1410	930	4096	16	165819.59	39669.31	39163.63
2	2	1410	1170	4096	16	162089.70	38990.09	41143.75
2	2	1410	1410	4096	16	161059.01	38749.64	50927.66
2	2	450	450	4096	32	250959.56	44550.41	53198.32
2	2	450	690	4096	32	238167.05	42675.63	52029.75
2	2	450	930	4096	32	220106.27	40180.81	50828.17
2	2	450	1170	4096	32	216976.65	39781.06	53617.54
2	2	450	1410	4096	32	213113.22	39302.25	65818.60
2	2	690	450	4096	32	246406.74	44075.51	52831.59
2	2	690	690	4096	32	233616.02	42272.28	51603.25
2	2	690	930	4096	32	216396.14	39878.52	50414.41
2	2	690	1170	4096	32	212193.02	39301.16	53148.70
2	2	690	1410	4096	32	210870.06	39080.41	65552.87
2	2	930	450	4096	32	242779.99	44120.76	52282.66
2	2	930	690	4096	32	226995.50	41785.36	50998.04
2	2	930	930	4096	32	214379.70	40138.99	50270.09
2	2	930	1170	4096	32	209533.33	39457.70	53025.03
2	2	930	1410	4096	32	206709.63	39014.83	65254.35
2	2	1170	450	4096	32	243688.23	47303.38	52484.31
2	2	1170	690	4096	32	231594.14	45351.71	51375.38
2	2	1170	930	4096	32	213356.82	42682.98	50181.49
2	2	1170	1170	4096	32	210005.22	42153.00	53054.01
2	2	1170	1410	4096	32	208752.64	41998.34	65568.55
2	2	1410	450	4096	32	242991.41	57368.30	52330.94
2	2	1410	690	4096	32	231175.15	55283.49	51484.38
2	2	1410	930	4096	32	213510.90	52131.66	50389.12
2	2	1410	1170	4096	32	209390.86	51419.02	52929.49
2	2	1410	1410	4096	32	206847.46	50872.45	65258.51
2	2	450	450	4096	64	345522.58	61973.09	71394.23
2	2	450	690	4096	64	328446.63	59483.58	70392.57
2	2	450	930	4096	64	311524.18	57346.80	69950.93
2	2	450	1170	4096	64	306321.23	56731.66	74221.81
2	2	450	1410	4096	64	304287.26	56569.88	91568.59
2	2	690	450	4096	64	339940.01	61495.52	70916.09
2	2	690	690	4096	64	326329.13	59570.62	69750.34
2	2	690	930	4096	64	305307.23	57073.02	69547.28
2	2	690	1170	4096	64	301295.09	56529.40	73578.16
2	2	690	1410	4096	64	299208.23	56267.90	91372.40
2	2	930	450	4096	64	335068.41	61912.85	70722.33
2	2	930	690	4096	64	320697.09	59803.24	69756.65
2	2	930	930	4096	64	300225.40	57055.36	68934.85
2	2	930	1170	4096	64	295896.67	56460.92	72976.73
2	2	930	1410	4096	64	295061.82	56373.42	90972.63
2	2	1170	450	4096	64	333854.44	65613.15	70501.47
2	2	1170	690	4096	64	320890.89	63821.12	69823.39
2	2	1170	930	4096	64	300066.19	60890.79	69200.58
2	2	1170	1170	4096	64	297299.64	60619.53	73530.74
2	2	1170	1410	4096	64	294767.91	60324.66	91245.76
2	2	1410	450	4096	64	333941.88	80215.33	70622.09
2	2	1410	690	4096	64	318832.68	77824.25	69726.74
2	2	1410	930	4096	64	299537.15	74582.27	69223.33
2	2	1410	1170	4096	64	296538.24	73947.83	73341.94
2	2	1410	1410	4096	64	293380.22	73329.08	90794.84
2	2	690	690	4096	128	530874.13	97837.72	112003.89
2	2	690	930	4096	128	490026.95	92141.49	109260.71
2	2	690	1170	4096	128	479589.75	90760.25	115212.87
2	2	690	1410	4096	128	475556.27	90351.27	142356.95
2	2	930	690	4096	128	514859.83	97222.20	110608.09
2	2	930	930	4096	128	480369.57	92328.81	108151.73
2	2	930	1170	4096	128	470551.49	90843.40	114031.60
2	2	930	1410	4096	128	466342.59	90150.64	140673.83
2	2	1170	690	4096	128	512522.01	103027.55	110085.70
2	2	1170	930	4096	128	474161.15	97373.82	107245.95
2	2	1170	1170	4096	128	469280.88	96760.95	114005.63
2	2	1170	1410	4096	128	465388.24	96225.56	141174.54
2	2	1410	690	4096	128	517320.27	127067.58	110684.70
2	2	1410	930	4096	128	472744.15	119372.12	107358.69
2	2	1410	1170	4096	128	464372.30	117843.61	113431.85
2	2	1410	1410	4096	128	461019.34	117144.03	140799.23
