tp	M	f_A	f_F	input_len	batch_size	iter_lat_us	DA_energy_mj	DF_energy_mj
1	1	210	210	128	1	156989.73	12447.95	18706.78
1	1	210	450	128	1	110358.40	9181.67	14667.95
1	1	210	690	128	1	96874.35	8329.73	13727.57
1	1	210	930	128	1	83287.51	7421.99	12593.11
1	1	210	1170	128	1	77630.60	7025.35	12593.42
1	1	210	1410	128	1	76736.09	6962.21	15757.64
1	1	450	210	128	1	138652.46	11224.60	17390.27
1	1	450	450	128	1	92281.90	8022.60	13341.32
1	1	450	690	128	1	78794.05	6987.93	12210.37
1	1	450	930	128	1	65352.13	6096.66	11093.70
1	1	450	1170	128	1	59617.59	5732.45	11085.53
1	1	450	1410	128	1	58720.78	5648.86	13928.45
1	1	690	210	128	1	133030.56	10728.41	16748.09
1	1	690	450	128	1	86602.39	7662.21	12899.27
1	1	690	690	128	1	73167.07	6690.70	11750.95
1	1	690	930	128	1	59652.68	5744.45	10643.73
1	1	690	1170	128	1	53899.37	5345.31	10548.76
1	1	690	1410	128	1	53092.06	5302.75	13380.34
1	1	930	210	128	1	128612.11	10434.09	16342.55
1	1	930	450	128	1	81095.12	7306.80	12537.41
1	1	930	690	128	1	68135.53	6365.33	11291.70
1	1	930	930	128	1	54669.53	5422.96	10236.17
1	1	930	1170	128	1	48973.47	5001.60	10186.45
1	1	930	1410	128	1	48453.14	4976.16	12833.84
1	1	1170	210	128	1	127005.52	10687.61	16250.20
1	1	1170	450	128	1	79533.65	7497.70	12444.48
1	1	1170	690	128	1	66002.86	6471.49	11129.16
1	1	1170	930	128	1	53080.66	5568.19	10147.27
1	1	1170	1170	128	1	47378.29	5192.60	9986.27
1	1	1170	1410	128	1	47033.11	5130.09	12800.95
1	1	1410	210	128	1	126272.79	12724.68	16200.61
1	1	1410	450	128	1	78814.43	8950.36	12329.16
1	1	1410	690	128	1	65297.99	7728.81	11094.63
1	1	1410	930	128	1	52334.87	6671.60	10116.26
1	1	1410	1170	128	1	46573.68	6135.83	9926.41
1	1	1410	1410	128	1	46390.76	6231.23	12803.71
1	1	210	210	128	2	149633.72	12061.77	18323.85
1	1	210	450	128	2	108840.02	9227.31	14750.45
1	1	210	690	128	2	99033.14	8580.88	14001.26
1	1	210	930	128	2	86606.55	7677.72	13031.98
1	1	210	1170	128	2	81127.42	7400.48	13112.01
1	1	210	1410	128	2	80073.11	7253.48	16356.23
1	1	450	210	128	2	132495.41	10759.90	16645.23
1	1	450	450	128	2	92288.02	8054.54	13365.12
1	1	450	690	128	2	82158.72	7318.83	12541.76
1	1	450	930	128	2	69711.12	6495.99	11590.25
1	1	450	1170	128	2	64176.86	6104.96	11623.12
1	1	450	1410	128	2	63098.85	6068.52	14412.32
1	1	690	210	128	2	126573.32	10269.22	16301.36
1	1	690	450	128	2	85879.73	7646.99	12805.49
1	1	690	690	128	2	76048.55	6937.24	12068.23
1	1	690	930	128	2	63621.75	6095.10	11023.33
1	1	690	1170	128	2	58129.76	5677.23	11250.56
1	1	690	1410	128	2	57443.03	5642.41	13987.02
1	1	930	210	128	2	121401.24	10098.05	16006.09
1	1	930	450	128	2	79749.44	7314.88	12428.78
1	1	930	690	128	2	70443.41	6666.72	11659.39
1	1	930	930	128	2	58068.42	5723.28	10589.22
1	1	930	1170	128	2	52955.95	5341.80	10599.20
1	1	930	1410	128	2	51918.65	5314.51	13402.53
1	1	1170	210	128	2	119490.06	10567.98	15799.86
1	1	1170	450	128	2	77610.60	7470.54	12227.70
1	1	1170	690	128	2	67729.32	6772.01	11388.73
1	1	1170	930	128	2	56325.30	5957.58	10569.41
1	1	1170	1170	128	2	50851.85	5575.60	10519.29
1	1	1170	1410	128	2	49774.65	5482.80	13283.64
1	1	1410	210	128	2	118447.87	12518.01	15691.66
1	1	1410	450	128	2	76827.75	9001.32	12079.12
1	1	1410	690	128	2	66874.12	8060.57	11431.62
1	1	1410	930	128	2	55316.48	7151.39	10431.37
1	1	1410	1170	128	2	49821.43	6654.40	10489.60
1	1	1410	1410	128	2	48788.29	6497.41	13072.63
1	1	210	210	128	4	153222.19	12135.86	18597.59
1	1	210	450	128	4	112652.70	9451.75	14978.81
1	1	210	690	128	4	102583.30	8866.70	14196.94
1	1	210	930	128	4	90762.53	8056.63	13405.30
1	1	210	1170	128	4	85631.06	7664.08	13580.66
1	1	210	1410	128	4	84453.17	7559.02	16769.25
1	1	450	210	128	4	133838.61	10891.64	16952.27
1	1	450	450	128	4	93686.60	8153.56	13543.48
1	1	450	690	128	4	84280.03	7544.90	12800.04
1	1	450	930	128	4	71890.69	6652.45	11776.84
1	1	450	1170	128	4	66955.69	6332.43	12049.20
1	1	450	1410	128	4	65441.70	6202.97	14796.50
1	1	690	210	128	4	127080.63	10437.59	16503.81
1	1	690	450	128	4	87423.26	7823.57	13141.40
1	1	690	690	128	4	77289.48	7038.34	12228.98
1	1	690	930	128	4	64736.81	6171.59	11259.67
1	1	690	1170	128	4	59467.93	5828.33	11307.73
1	1	690	1410	128	4	58575.36	5793.48	14158.61
1	1	930	210	128	4	121735.95	10317.82	16182.67
1	1	930	450	128	4	80885.83	7414.03	12576.09
1	1	930	690	128	4	71500.12	6769.80	11817.34
1	1	930	930	128	4	58928.01	5835.96	10802.27
1	1	930	1170	128	4	53704.79	5441.20	10864.27
1	1	930	1410	128	4	52616.51	5400.50	13489.36
1	1	1170	210	128	4	120111.86	10721.20	16022.69
1	1	1170	450	128	4	79211.07	7719.94	12488.85
1	1	1170	690	128	4	68894.89	6934.94	11668.18
1	1	1170	930	128	4	57127.52	6051.64	10550.17
1	1	1170	1170	128	4	51852.05	5619.18	10663.23
1	1	1170	1410	128	4	50803.09	5494.44	13384.94
1	1	1410	210	128	4	118997.14	12725.34	15955.88
1	1	1410	450	128	4	78011.42	9227.43	12352.10
1	1	1410	690	128	4	67770.78	8195.02	11486.93
1	1	1410	930	128	4	55996.08	7259.03	10638.42
1	1	1410	1170	128	4	50748.37	6749.16	10635.21
1	1	1410	1410	128	4	49686.44	6604.76	13249.16
1	1	210	210	128	8	156904.48	12549.21	18930.44
1	1	210	450	128	8	116118.96	9871.12	15443.09
1	1	210	690	128	8	105574.91	9147.30	14589.17
1	1	210	930	128	8	93661.13	8291.31	13744.79
1	1	210	1170	128	8	88562.13	7989.68	13985.54
1	1	210	1410	128	8	87451.54	7898.85	17359.41
1	1	450	210	128	8	136441.17	11182.41	17316.45
1	1	450	450	128	8	96576.63	8433.91	13897.45
1	1	450	690	128	8	86617.96	7728.25	13111.94
1	1	450	930	128	8	73872.95	6867.54	12129.81
1	1	450	1170	128	8	68830.80	6538.20	12251.72
1	1	450	1410	128	8	67713.65	6486.38	15382.02
1	1	690	210	128	8	129376.26	10727.41	16762.24
1	1	690	450	128	8	89193.57	7991.31	13249.95
1	1	690	690	128	8	79312.62	7276.70	12581.92
1	1	690	930	128	8	66603.32	6389.87	11425.07
1	1	690	1170	128	8	61921.25	6081.02	11746.20
1	1	690	1410	128	8	60822.74	5994.52	14587.62
1	1	930	210	128	8	123730.09	10624.84	16361.41
1	1	930	450	128	8	82905.61	7652.07	12884.44
1	1	930	690	128	8	73273.73	6981.23	12041.55
1	1	930	930	128	8	61026.12	6117.07	11202.59
1	1	930	1170	128	8	55919.40	5662.05	11163.58
1	1	930	1410	128	8	54836.68	5636.02	14092.52
1	1	1170	210	128	8	121951.65	11044.34	16208.98
1	1	1170	450	128	8	80733.77	7841.12	12700.72
1	1	1170	690	128	8	70136.51	7073.41	11763.78
1	1	1170	930	128	8	59064.26	6237.07	10985.62
1	1	1170	1170	128	8	53942.45	5909.64	11039.42
1	1	1170	1410	128	8	52899.36	5771.54	13924.31
1	1	1410	210	128	8	120914.76	13146.93	16096.15
1	1	1410	450	128	8	79762.88	9373.08	12710.09
1	1	1410	690	128	8	69026.92	8433.66	11801.23
1	1	1410	930	128	8	57942.62	7419.00	10753.91
1	1	1410	1170	128	8	52868.10	7001.66	10908.03
1	1	1410	1410	128	8	51814.76	6883.27	13728.80
1	1	210	210	128	16	159189.70	12788.20	19325.74
1	1	210	450	128	16	118214.02	10068.77	15856.51
1	1	210	690	128	16	108260.18	9459.12	15112.26
1	1	210	930	128	16	94951.30	8511.77	14070.22
1	1	210	1170	128	16	90736.87	8221.94	14360.09
1	1	210	1410	128	16	89821.34	8129.60	17927.45
1	1	450	210	128	16	137628.87	11406.00	17759.95
1	1	450	450	128	16	98857.52	8681.92	14368.40
1	1	450	690	128	16	87426.97	7865.34	13390.23
1	1	450	930	128	16	75238.22	7071.27	12575.76
1	1	450	1170	128	16	71159.62	6809.73	12816.04
1	1	450	1410	128	16	70130.46	6718.88	16022.19
1	1	690	210	128	16	131303.58	10918.62	17106.36
1	1	690	450	128	16	92177.79	8247.46	13789.25
1	1	690	690	128	16	81302.39	7546.66	12932.53
1	1	690	930	128	16	68733.86	6690.90	12003.93
1	1	690	1170	128	16	63908.39	6262.18	12198.22
1	1	690	1410	128	16	63204.42	6279.43	15397.84
1	1	930	210	128	16	125570.35	10739.56	16740.77
1	1	930	450	128	16	84164.87	7772.06	13158.52
1	1	930	690	128	16	75297.14	7205.88	12549.37
1	1	930	930	128	16	62613.79	6318.17	11640.40
1	1	930	1170	128	16	58307.11	6019.55	11745.90
1	1	930	1410	128	16	57243.00	5891.55	14857.14
1	1	1170	210	128	16	123897.67	11263.23	16603.99
1	1	1170	450	128	16	82580.98	8117.49	13047.30
1	1	1170	690	128	16	72361.34	7339.55	12237.00
1	1	1170	930	128	16	60962.05	6555.62	11390.48
1	1	1170	1170	128	16	56664.19	6180.98	11582.93
1	1	1170	1410	128	16	55604.50	6057.73	14726.38
1	1	1410	210	128	16	123103.64	13361.26	16538.27
1	1	1410	450	128	16	81564.47	9716.99	12919.70
1	1	1410	690	128	16	71028.27	8714.45	12221.52
1	1	1410	930	128	16	59916.01	7862.77	11264.73
1	1	1410	1170	128	16	55581.54	7465.23	11470.32
1	1	1410	1410	128	16	54516.70	7401.25	14531.59
1	1	210	210	128	32	158500.87	13004.91	19112.73
1	1	210	450	128	32	124509.66	10760.53	16290.58
1	1	210	690	128	32	116186.84	10117.45	15634.84
1	1	210	930	128	32	105857.46	9408.05	15002.23
1	1	210	1170	128	32	99830.03	8988.45	15203.46
1	1	210	1410	128	32	98893.31	8949.29	18757.15
1	1	450	210	128	32	134665.05	11224.59	17182.48
1	1	450	450	128	32	102925.00	9126.78	14532.93
1	1	450	690	128	32	94331.76	8591.10	13937.07
1	1	450	930	128	32	83727.51	7801.98	13302.66
1	1	450	1170	128	32	77763.53	7409.86	13372.83
1	1	450	1410	128	32	77315.50	7446.93	16913.11
1	1	690	210	128	32	127166.80	10887.12	16669.06
1	1	690	450	128	32	95889.60	8773.75	14054.24
1	1	690	690	128	32	87145.71	8131.77	13470.31
1	1	690	930	128	32	76344.36	7357.91	12683.02
1	1	690	1170	128	32	70777.09	7060.84	12958.73
1	1	690	1410	128	32	69873.33	6958.41	16136.55
1	1	930	210	128	32	121285.11	10726.76	16302.45
1	1	930	450	128	32	86115.53	8156.05	13355.52
1	1	930	690	128	32	80977.03	7771.66	12983.25
1	1	930	930	128	32	69953.07	7023.90	12266.12
1	1	930	1170	128	32	64482.09	6624.47	12604.65
1	1	930	1410	128	32	63618.78	6546.05	15545.31
1	1	1170	210	128	32	119239.95	11020.71	16052.67
1	1	1170	450	128	32	83877.59	8485.38	13144.48
1	1	1170	690	128	32	78662.38	8046.72	12757.14
1	1	1170	930	128	32	67640.07	7256.48	12081.79
1	1	1170	1170	128	32	62097.36	6842.75	12174.07
1	1	1170	1410	128	32	61135.31	6778.22	15231.87
1	1	1410	210	128	32	117960.93	13198.03	15924.81
1	1	1410	450	128	32	83029.70	10160.02	13076.16
1	1	1410	690	128	32	77283.94	9594.55	12672.70
1	1	1410	930	128	32	66465.44	8686.62	11960.27
1	1	1410	1170	128	32	61304.89	8254.72	12153.45
1	1	1410	1410	128	32	60063.68	8111.95	15300.55
1	1	210	210	128	64	232565.18	18412.97	26612.86
1	1	210	450	128	64	161446.81	13683.24	20665.93
1	1	210	690	128	64	140225.08	12176.38	18939.40
1	1	210	930	128	64	127480.20	11416.34	18190.82
1	1	210	1170	128	64	121598.49	10984.56	18597.18
1	1	210	1410	128	64	123531.10	11138.93	23674.37
1	1	450	210	128	64	200516.94	16202.74	24163.77
1	1	450	450	128	64	132521.23	11584.97	18319.65
1	1	450	690	128	64	111731.25	10160.02	16932.35
1	1	450	930	128	64	97434.12	9256.27	15781.91
1	1	450	1170	128	64	92821.16	8904.20	16381.93
1	1	450	1410	128	64	92089.34	8838.55	21011.34
1	1	690	210	128	64	187913.92	15519.70	23225.61
1	1	690	450	128	64	123291.19	11018.08	17694.98
1	1	690	690	128	64	101678.81	9438.22	16009.42
1	1	690	930	128	64	88368.35	8674.68	15027.59
1	1	690	1170	128	64	83431.69	8328.26	15653.31
1	1	690	1410	128	64	82278.15	8234.45	19931.82
1	1	930	210	128	64	180742.32	15299.62	22668.26
1	1	930	450	128	64	115465.94	10609.48	17107.47
1	1	930	690	128	64	94648.66	9166.05	15527.98
1	1	930	930	128	64	81766.91	8252.47	14804.37
1	1	930	1170	128	64	81491.77	8214.51	15533.75
1	1	930	1410	128	64	75334.01	7850.69	19300.52
1	1	1170	210	128	64	179491.20	15994.43	22492.76
1	1	1170	450	128	64	108804.05	10677.30	16554.23
1	1	1170	690	128	64	92660.88	9520.76	15295.99
1	1	1170	930	128	64	78700.49	8499.02	14407.42
1	1	1170	1170	128	64	74305.13	8236.11	14990.30
1	1	1170	1410	128	64	72780.64	8109.63	19265.23
1	1	1410	210	128	64	176960.66	18874.27	22190.06
1	1	1410	450	128	64	105883.58	12695.48	16378.06
1	1	1410	690	128	64	90536.68	11410.79	15157.00
1	1	1410	930	128	64	77988.19	10337.07	14643.07
1	1	1410	1170	128	64	72503.91	9905.80	14784.44
1	1	1410	1410	128	64	71759.31	9873.53	19285.64
1	1	210	210	128	128	461500.70	36605.03	52413.06
1	1	210	450	128	128	325555.43	27507.62	41319.09
1	1	210	690	128	128	277816.24	24207.99	37422.41
1	1	210	930	128	128	251380.74	22459.08	35758.52
1	1	210	1170	128	128	241639.26	21855.38	36934.41
1	1	210	1410	128	128	236348.92	21435.17	45926.81
1	1	450	210	128	128	390147.59	31723.30	47109.63
1	1	450	450	128	128	263144.41	23053.13	36551.62
1	1	450	690	128	128	221093.87	20143.42	33322.54
1	1	450	930	128	128	197149.71	18614.70	31712.53
1	1	450	1170	128	128	184248.21	17684.93	32476.54
1	1	450	1410	128	128	180366.90	17394.17	40934.24
1	1	690	210	128	128	372841.11	30978.05	46014.27
1	1	690	450	128	128	245482.10	21912.10	35332.79
1	1	690	690	128	128	203224.74	19017.47	32100.34
1	1	690	930	128	128	175963.63	17154.55	30240.45
1	1	690	1170	128	128	165867.72	16532.01	31081.74
1	1	690	1410	128	128	166522.39	16528.77	40097.74
1	1	930	210	128	128	362672.79	30800.25	45419.52
1	1	930	450	128	128	226891.27	20971.35	33835.52
1	1	930	690	128	128	185796.65	17966.56	30500.27
1	1	930	930	128	128	162536.10	16472.37	29360.09
1	1	930	1170	128	128	150360.72	15574.43	29826.38
1	1	930	1410	128	128	149516.37	15608.51	38624.33
1	1	1170	210	128	128	354814.76	31663.45	44476.51
1	1	1170	450	128	128	216623.36	21383.55	33083.22
1	1	1170	690	128	128	183739.64	18898.42	30638.77
1	1	1170	930	128	128	160064.50	17154.55	29215.81
1	1	1170	1170	128	128	146511.08	16082.90	29841.89
1	1	1170	1410	128	128	142249.91	15818.11	37332.30
1	1	1410	210	128	128	353504.82	37773.20	44397.17
1	1	1410	450	128	128	211239.79	25320.73	32528.39
1	1	1410	690	128	128	181074.02	22801.98	30589.52
1	1	1410	930	128	128	153767.65	20483.78	28729.54
1	1	1410	1170	128	128	140434.52	19183.51	28912.33
1	1	1410	1410	128	128	141436.32	19430.66	38074.12
1	1	210	210	128	256	921840.45	73081.56	104982.80
1	1	210	450	128	256	636212.14	53980.10	81218.52
1	1	210	690	128	256	548357.66	47837.27	74213.20
1	1	210	930	128	256	497718.02	44508.49	71016.43
1	1	210	1170	128	256	470208.91	42612.40	72455.02
1	1	210	1410	128	256	467912.15	42575.48	91704.60
1	1	450	210	128	256	777631.48	63324.12	94012.39
1	1	450	450	128	256	512904.55	44992.16	71539.70
1	1	450	690	128	256	438717.45	39986.80	66367.37
1	1	450	930	128	256	376328.83	35766.69	61588.27
1	1	450	1170	128	256	359528.26	34654.78	63834.59
1	1	450	1410	128	256	361931.38	34931.95	82595.83
1	1	690	210	128	256	743785.11	61794.99	92086.14
1	1	690	450	128	256	481263.45	43047.35	69645.28
1	1	690	690	128	256	395686.63	37097.63	63064.91
1	1	690	930	128	256	342831.64	33559.07	59561.98
1	1	690	1170	128	256	324585.58	32215.93	61281.91
1	1	690	1410	128	256	320775.43	32185.90	78856.65
1	1	930	210	128	256	714778.57	60747.84	89826.09
1	1	930	450	128	256	450655.39	41758.84	67616.86
1	1	930	690	128	256	370859.92	35945.41	61411.10
1	1	930	930	128	256	318268.73	32213.59	57797.89
1	1	930	1170	128	256	301771.60	31281.45	60573.18
1	1	930	1410	128	256	288757.99	30128.84	75361.29
1	1	1170	210	128	256	707691.07	63200.43	88924.64
1	1	1170	450	128	256	433093.84	42665.92	66163.16
1	1	1170	690	128	256	364325.72	37590.59	60952.08
1	1	1170	930	128	256	298620.63	32412.01	55114.85
1	1	1170	1170	128	256	286822.19	31721.23	59056.59
1	1	1170	1410	128	256	284675.90	31720.09	75688.03
1	1	1410	210	128	256	702663.07	75214.90	88685.04
1	1	1410	450	128	256	418005.01	50360.81	64998.84
1	1	1410	690	128	256	348346.22	44171.67	59254.92
1	1	1410	930	128	256	298965.17	40142.73	56279.67
1	1	1410	1170	128	256	279810.73	38363.16	58218.13
1	1	1410	1410	128	256	276126.29	38047.60	75253.89
1	1	210	210	512	1	158475.96	12494.97	19069.26
1	1	210	450	512	1	111862.72	9315.63	14925.17
1	1	210	690	512	1	98338.94	8513.87	13892.44
1	1	210	930	512	1	84786.35	7542.27	12769.98
1	1	210	1170	512	1	79127.53	7137.08	12776.35
1	1	210	1410	512	1	78160.12	7023.22	15905.34
1	1	450	210	512	1	139826.57	11331.35	17555.28
1	1	450	450	512	1	93464.05	8145.32	13417.00
1	1	450	690	512	1	80034.75	7045.09	12380.74
1	1	450	930	512	1	66526.09	6225.50	11175.23
1	1	450	1170	512	1	60794.28	5841.99	11300.05
1	1	450	1410	512	1	59889.68	5787.03	14022.38
1	1	690	210	512	1	134097.73	10849.41	16938.92
1	1	690	450	512	1	87636.77	7689.38	12959.63
1	1	690	690	512	1	74228.10	6801.16	11905.80
1	1	690	930	512	1	60671.15	5806.64	10714.98
1	1	690	1170	512	1	54988.21	5417.83	10667.24
1	1	690	1410	512	1	54041.22	5357.77	13465.30
1	1	930	210	512	1	129453.15	10598.16	16468.45
1	1	930	450	512	1	81986.57	7384.24	12674.08
1	1	930	690	512	1	69044.53	6453.38	11414.22
1	1	930	930	512	1	55680.90	5510.73	10325.52
1	1	930	1170	512	1	49952.12	5070.82	10306.42
1	1	930	1410	512	1	49400.99	5079.23	12988.96
1	1	1170	210	512	1	127994.67	10773.67	16305.09
1	1	1170	450	512	1	80482.49	7591.20	12560.24
1	1	1170	690	512	1	66989.05	6612.12	11226.34
1	1	1170	930	512	1	54087.45	5657.95	10226.21
1	1	1170	1170	512	1	48370.53	5175.78	10204.63
1	1	1170	1410	512	1	47979.51	5257.90	12862.74
1	1	1410	210	512	1	127253.37	12850.19	16346.32
1	1	1410	450	512	1	79725.58	9044.44	12365.90
1	1	1410	690	512	1	66181.23	7879.93	11268.03
1	1	1410	930	512	1	53329.86	6766.20	10138.25
1	1	1410	1170	512	1	47588.65	6218.25	10096.59
1	1	1410	1410	512	1	47329.30	6302.62	12732.05
1	1	210	210	512	2	151530.84	12196.89	18513.72
1	1	210	450	512	2	111612.98	9524.40	14983.52
1	1	210	690	512	2	101605.72	8842.15	14293.91
1	1	210	930	512	2	88991.44	7887.07	13192.96
1	1	210	1170	512	2	83425.77	7532.88	13329.15
1	1	210	1410	512	2	82276.66	7487.22	16529.07
1	1	450	210	512	2	133710.96	10939.05	16826.07
1	1	450	450	512	2	94054.98	8216.54	13551.47
1	1	450	690	512	2	84015.32	7525.84	12811.88
1	1	450	930	512	2	71534.71	6707.16	11810.07
1	1	450	1170	512	2	65875.16	6259.38	11840.23
1	1	450	1410	512	2	64867.53	6180.00	14686.47
1	1	690	210	512	2	127678.13	10388.48	16495.23
1	1	690	450	512	2	87772.39	7773.23	13093.75
1	1	690	690	512	2	77792.90	7061.80	12287.67
1	1	690	930	512	2	65204.49	6212.34	11288.23
1	1	690	1170	512	2	60123.48	5903.04	11289.69
1	1	690	1410	512	2	59026.70	5767.32	14334.29
1	1	930	210	512	2	122468.92	10190.23	16089.29
1	1	930	450	512	2	81486.58	7436.15	12646.34
1	1	930	690	512	2	72190.57	6760.31	11851.12
1	1	930	930	512	2	59951.60	5870.39	10821.88
1	1	930	1170	512	2	54367.98	5544.31	10846.58
1	1	930	1410	512	2	53335.49	5433.39	13589.61
1	1	1170	210	512	2	120499.30	10627.00	15965.24
1	1	1170	450	512	2	79277.18	7660.23	12453.02
1	1	1170	690	512	2	69263.11	6975.73	11600.06
1	1	1170	930	512	2	57761.16	6018.02	10736.22
1	1	1170	1170	512	2	52185.94	5690.09	10690.47
1	1	1170	1410	512	2	51100.76	5550.39	13353.78
1	1	1410	210	512	2	119377.56	12578.02	15872.67
1	1	1410	450	512	2	78215.25	9151.03	12354.48
1	1	1410	690	512	2	68254.29	8242.38	11512.65
1	1	1410	930	512	2	56687.03	7265.15	10608.16
1	1	1410	1170	512	2	51111.96	6737.70	10564.38
1	1	1410	1410	512	2	50053.34	6686.87	13326.81
1	1	210	210	512	4	156548.20	12410.41	18979.41
1	1	210	450	512	4	116399.20	9787.60	15456.34
1	1	210	690	512	4	106140.35	9119.54	14659.72
1	1	210	930	512	4	94121.82	8322.84	13716.69
1	1	210	1170	512	4	88734.26	7930.16	13881.51
1	1	210	1410	512	4	87669.78	7877.95	17357.67
1	1	450	210	512	4	136456.08	11164.66	17353.55
1	1	450	450	512	4	96892.35	8361.34	13942.41
1	1	450	690	512	4	87143.98	7774.47	13110.55
1	1	450	930	512	4	73972.92	6852.39	12095.55
1	1	450	1170	512	4	69412.97	6589.54	12361.43
1	1	450	1410	512	4	68321.97	6502.72	15381.53
1	1	690	210	512	4	129445.95	10618.91	16819.55
1	1	690	450	512	4	89474.77	7981.80	13338.04
1	1	690	690	512	4	79936.39	7318.33	12494.41
1	1	690	930	512	4	67504.08	6479.27	11598.94
1	1	690	1170	512	4	62124.64	6066.41	11696.97
1	1	690	1410	512	4	60998.94	6017.24	14705.55
1	1	930	210	512	4	123864.72	10468.90	16284.61
1	1	930	450	512	4	83397.44	7629.80	12879.90
1	1	930	690	512	4	73821.43	6955.15	12110.26
1	1	930	930	512	4	61415.75	6063.27	11038.70
1	1	930	1170	512	4	56427.79	5712.97	11277.04
1	1	930	1410	512	4	55318.06	5620.73	14235.63
1	1	1170	210	512	4	123081.18	11004.55	16433.65
1	1	1170	450	512	4	81255.06	7940.06	12725.84
1	1	1170	690	512	4	70885.61	7169.20	11867.09
1	1	1170	930	512	4	59438.63	6322.58	10815.43
1	1	1170	1170	512	4	54422.38	5902.11	11060.40
1	1	1170	1410	512	4	53355.51	5804.21	14013.12
1	1	1410	210	512	4	121918.32	13108.11	16291.20
1	1	1410	450	512	4	80209.29	9499.55	12674.23
1	1	1410	690	512	4	69765.90	8492.84	11812.02
1	1	1410	930	512	4	58217.50	7482.03	10871.84
1	1	1410	1170	512	4	53252.87	7072.17	11053.72
1	1	1410	1410	512	4	52310.14	6906.30	13683.65
1	1	210	210	512	8	162351.33	12992.90	19435.62
1	1	210	450	512	8	122565.70	10443.78	16208.41
1	1	210	690	512	8	111610.42	9619.62	15268.41
1	1	210	930	512	8	99240.87	8815.16	14415.39
1	1	210	1170	512	8	94530.38	8485.03	14694.38
1	1	210	1410	512	8	93500.03	8389.44	18315.18
1	1	450	210	512	8	141655.75	11624.04	17946.77
1	1	450	450	512	8	101598.90	8926.80	14461.04
1	1	450	690	512	8	91727.75	8243.30	13843.76
1	1	450	930	512	8	79138.29	7354.55	12928.16
1	1	450	1170	512	8	74199.88	7068.52	13121.98
1	1	450	1410	512	8	73135.82	6959.59	16310.70
1	1	690	210	512	8	134135.11	11150.08	17358.55
1	1	690	450	512	8	94508.20	8447.39	13993.38
1	1	690	690	512	8	83986.68	7739.50	13208.21
1	1	690	930	512	8	71637.80	6861.88	12258.52
1	1	690	1170	512	8	66626.11	6502.15	12421.71
1	1	690	1410	512	8	65519.01	6503.38	15658.32
1	1	930	210	512	8	128156.84	10933.29	16868.30
1	1	930	450	512	8	86908.88	7943.22	13331.95
1	1	930	690	512	8	78098.89	7381.04	12775.89
1	1	930	930	512	8	65611.97	6586.05	11962.70
1	1	930	1170	512	8	60644.04	6233.21	12053.44
1	1	930	1410	512	8	59492.38	6132.77	15227.60
1	1	1170	210	512	8	126200.42	11459.36	16735.05
1	1	1170	450	512	8	85253.85	8320.46	13389.41
1	1	1170	690	512	8	74752.83	7564.77	12530.85
1	1	1170	930	512	8	63450.76	6740.22	11718.63
1	1	1170	1170	512	8	58389.97	6413.58	11794.12
1	1	1170	1410	512	8	57283.00	6304.62	14856.59
1	1	1410	210	512	8	125030.23	13533.98	16763.02
1	1	1410	450	512	8	84072.85	9929.37	13326.12
1	1	1410	690	512	8	73586.90	9050.77	12412.20
1	1	1410	930	512	8	62181.07	8017.95	11545.90
1	1	1410	1170	512	8	57099.51	7647.04	11763.33
1	1	1410	1410	512	8	56090.32	7464.82	14590.81
1	1	210	210	512	16	170454.71	13912.92	20597.99
1	1	210	450	512	16	129146.16	11121.47	17100.18
1	1	210	690	512	16	118918.19	10358.70	16336.99
1	1	210	930	512	16	106536.33	9582.44	15425.12
1	1	210	1170	512	16	102054.31	9243.91	15859.95
1	1	210	1410	512	16	100725.59	9215.41	19689.45
1	1	450	210	512	16	146460.28	12133.02	18655.48
1	1	450	450	512	16	108197.37	9539.75	15484.11
1	1	450	690	512	16	97284.15	8808.92	14740.19
1	1	450	930	512	16	84868.56	8011.55	13952.09
1	1	450	1170	512	16	80141.99	7695.13	14258.31
1	1	450	1410	512	16	79361.49	7638.87	17965.59
1	1	690	210	512	16	139346.97	11618.27	18075.64
1	1	690	450	512	16	101111.06	9128.72	15049.54
1	1	690	690	512	16	89960.58	8387.24	14278.05
1	1	690	930	512	16	77747.41	7557.01	13390.59
1	1	690	1170	512	16	73135.64	7239.57	13833.96
1	1	690	1410	512	16	72001.79	7207.78	17407.30
1	1	930	210	512	16	134152.00	11542.18	17830.41
1	1	930	450	512	16	93101.73	8665.69	14388.41
1	1	930	690	512	16	83859.69	8050.55	13737.16
1	1	930	930	512	16	71217.72	7170.57	12898.75
1	1	930	1170	512	16	67041.60	6957.09	13369.76
1	1	930	1410	512	16	65773.52	6827.46	16856.06
1	1	1170	210	512	16	132445.28	12078.17	17721.91
1	1	1170	450	512	16	91023.05	8995.89	14296.62
1	1	1170	690	512	16	82358.72	8392.55	13755.27
1	1	1170	930	512	16	69703.36	7510.33	12932.48
1	1	1170	1170	512	16	64985.09	7160.50	13126.56
1	1	1170	1410	512	16	64234.33	7138.10	16700.62
1	1	1410	210	512	16	131275.72	14318.73	17703.23
1	1	1410	450	512	16	89904.55	10707.31	14310.88
1	1	1410	690	512	16	81126.10	10062.83	13605.64
1	1	1410	930	512	16	68518.02	8949.05	12776.85
1	1	1410	1170	512	16	64206.05	8687.89	13288.25
1	1	1410	1410	512	16	63096.43	8524.16	16677.30
1	1	210	210	512	32	178908.04	14710.82	21316.03
1	1	210	450	512	32	143993.21	12410.70	18620.28
1	1	210	690	512	32	134840.51	11820.09	18018.98
1	1	210	930	512	32	124197.65	11211.53	17532.59
1	1	210	1170	512	32	118717.06	10776.15	17981.52
1	1	210	1410	512	32	117832.91	10704.87	22158.40
1	1	450	210	512	32	152021.19	12885.72	19404.91
1	1	450	450	512	32	120982.06	10801.53	16957.79
1	1	450	690	512	32	112431.28	10248.37	16544.41
1	1	450	930	512	32	101493.31	9558.55	15979.96
1	1	450	1170	512	32	95867.19	9257.60	16361.62
1	1	450	1410	512	32	94715.25	9212.17	20539.82
1	1	690	210	512	32	143376.88	12304.03	18600.53
1	1	690	450	512	32	112532.92	10316.31	16405.82
1	1	690	690	512	32	104142.87	9722.22	15901.82
1	1	690	930	512	32	93254.51	9092.98	15465.56
1	1	690	1170	512	32	87742.43	8753.62	15946.67
1	1	690	1410	512	32	86914.44	8726.48	20124.98
1	1	930	210	512	32	137390.63	12108.45	18278.70
1	1	930	450	512	32	102697.78	9680.42	15626.41
1	1	930	690	512	32	97560.07	9418.18	15579.19
1	1	930	930	512	32	86474.38	8734.59	15128.03
1	1	930	1170	512	32	80823.37	8404.16	15499.54
1	1	930	1410	512	32	80020.35	8339.98	19881.55
1	1	1170	210	512	32	133755.39	12503.26	17820.68
1	1	1170	450	512	32	100045.03	10185.93	15562.15
1	1	1170	690	512	32	94788.81	9812.55	15300.66
1	1	1170	930	512	32	83933.32	9110.67	14933.55
1	1	1170	1170	512	32	78420.76	8730.96	15401.70
1	1	1170	1410	512	32	77735.09	8698.02	19512.94
1	1	1410	210	512	32	133335.11	14958.86	17963.94
1	1	1410	450	512	32	98344.93	12077.31	15445.69
1	1	1410	690	512	32	93752.34	11699.34	15300.30
1	1	1410	930	512	32	82923.57	10936.34	14943.66
1	1	1410	1170	512	32	77191.25	10567.05	15320.45
1	1	1410	1410	512	32	76163.51	10441.11	19361.33
1	1	210	210	512	64	259744.81	20880.49	29534.46
1	1	210	450	512	64	190848.81	16312.50	24121.13
1	1	210	690	512	64	170994.22	15127.26	22798.48
1	1	210	930	512	64	156861.73	14124.04	21921.59
1	1	210	1170	512	64	152090.25	13907.12	22942.46
1	1	210	1410	512	64	148720.96	13596.61	28454.52
1	1	450	210	512	64	222490.34	18340.52	26862.91
1	1	450	450	512	64	160165.93	14243.02	22042.27
1	1	450	690	512	64	144210.27	13185.79	21095.00
1	1	450	930	512	64	127255.09	12170.51	20219.67
1	1	450	1170	512	64	122020.90	11946.90	20973.24
1	1	450	1410	512	64	121091.96	11859.62	26539.84
1	1	690	210	512	64	210895.87	17863.57	26249.81
1	1	690	450	512	64	150635.58	13679.07	21563.34
1	1	690	690	512	64	131076.39	12424.54	20146.28
1	1	690	930	512	64	117404.93	11567.05	19662.02
1	1	690	1170	512	64	112077.95	11300.18	20501.32
1	1	690	1410	512	64	110870.23	11169.74	25935.90
1	1	930	210	512	64	202744.16	17583.94	25674.41
1	1	930	450	512	64	142306.38	13391.48	20987.29
1	1	930	690	512	64	123228.10	12069.22	19749.65
1	1	930	930	512	64	110063.69	11232.53	19380.58
1	1	930	1170	512	64	104500.73	10961.43	20180.30
1	1	930	1410	512	64	103352.96	10897.84	25841.76
1	1	1170	210	512	64	200564.22	18277.70	25470.09
1	1	1170	450	512	64	138661.86	13847.88	20749.84
1	1	1170	690	512	64	120415.78	12515.55	19735.64
1	1	1170	930	512	64	105874.18	11553.43	19234.79
1	1	1170	1170	512	64	101777.89	11420.89	20122.75
1	1	1170	1410	512	64	100416.76	11365.55	25770.30
1	1	1410	210	512	64	198442.31	21704.63	25251.56
1	1	1410	450	512	64	137783.38	16653.62	20639.30
1	1	1410	690	512	64	118925.94	15170.48	19639.86
1	1	1410	930	512	64	105464.86	14227.44	19228.20
1	1	1410	1170	512	64	99838.09	13662.84	19929.55
1	1	1410	1410	512	64	98555.31	13773.98	25877.49
1	1	210	210	512	128	504864.36	40555.26	57356.91
1	1	210	450	512	128	364963.40	31337.08	46024.84
1	1	210	690	512	128	323176.50	28691.59	43201.45
1	1	210	930	512	128	295445.47	26788.00	41423.99
1	1	210	1170	512	128	284433.03	26029.10	43068.64
1	1	210	1410	512	128	281915.80	25854.59	53788.94
1	1	450	210	512	128	435377.12	35821.95	52162.02
1	1	450	450	512	128	307574.62	27262.39	42166.19
1	1	450	690	512	128	262500.47	24321.27	38989.50
1	1	450	930	512	128	234716.94	22572.55	37557.23
1	1	450	1170	512	128	224852.84	21972.94	38939.29
1	1	450	1410	512	128	221660.53	21793.23	49404.21
1	1	690	210	512	128	409326.68	34552.14	50630.63
1	1	690	450	512	128	284197.12	25809.72	40562.17
1	1	690	690	512	128	242668.62	23113.70	37746.77
1	1	690	930	512	128	215554.64	21412.09	36328.78
1	1	690	1170	512	128	205283.47	20686.39	37669.35
1	1	690	1410	512	128	202247.10	20483.77	48213.96
1	1	930	210	512	128	393435.76	34077.44	49593.91
1	1	930	450	512	128	267798.20	25128.88	39453.51
1	1	930	690	512	128	227330.14	22338.91	36789.66
1	1	930	930	512	128	199668.65	20534.17	35681.01
1	1	930	1170	512	128	189886.36	20016.76	37294.05
1	1	930	1410	512	128	186170.43	19852.04	47475.46
1	1	1170	210	512	128	388354.26	35448.32	48954.52
1	1	1170	450	512	128	262629.06	26140.03	39145.35
1	1	1170	690	512	128	221151.87	23197.01	36518.14
1	1	1170	930	512	128	197192.83	21608.69	35456.74
1	1	1170	1170	512	128	183183.54	20742.48	36735.75
1	1	1170	1410	512	128	181036.43	20561.83	47002.90
1	1	1410	210	512	128	384751.20	42104.38	48685.82
1	1	1410	450	512	128	255832.29	31141.30	38748.02
1	1	1410	690	512	128	218272.63	27987.77	36289.99
1	1	1410	930	512	128	192166.09	26170.52	35358.92
1	1	1410	1170	512	128	180713.43	25171.05	36607.20
1	1	1410	1410	512	128	177931.90	24948.38	47531.82
1	1	210	210	512	256	987878.11	79339.19	112124.23
1	1	210	450	512	256	703379.50	60491.66	89061.93
1	1	210	690	512	256	618938.64	55124.18	82850.04
1	1	210	930	512	256	561388.26	51048.96	79059.14
1	1	210	1170	512	256	539982.90	49534.65	81619.62
1	1	210	1410	512	256	532953.81	49089.30	102663.75
1	1	450	210	512	256	848694.51	69772.83	101392.97
1	1	450	450	512	256	579892.65	51794.84	79977.34
1	1	450	690	512	256	493162.66	45829.71	73762.38
1	1	450	930	512	256	443078.75	42778.80	70900.79
1	1	450	1170	512	256	420377.29	41295.87	73405.41
1	1	450	1410	512	256	411699.49	40500.20	92482.33
1	1	690	210	512	256	796844.51	67317.12	98449.05
1	1	690	450	512	256	536578.66	48751.70	76515.23
1	1	690	690	512	256	457358.20	43591.34	71203.77
1	1	690	930	512	256	397671.85	39701.45	67527.55
1	1	690	1170	512	256	381937.38	38830.94	71312.84
1	1	690	1410	512	256	376790.52	38482.44	90494.26
1	1	930	210	512	256	766111.05	66344.46	96272.96
1	1	930	450	512	256	510973.88	47984.18	75217.14
1	1	930	690	512	256	426967.07	42374.42	69718.76
1	1	930	930	512	256	367720.16	38093.30	65947.81
1	1	930	1170	512	256	351371.29	37251.87	69271.09
1	1	930	1410	512	256	344819.71	36725.07	88182.02
1	1	1170	210	512	256	754663.21	69178.38	95140.07
1	1	1170	450	512	256	496780.52	49624.72	74203.00
1	1	1170	690	512	256	410457.47	43370.48	68168.95
1	1	1170	930	512	256	360710.27	40141.24	66043.33
1	1	1170	1170	512	256	343534.97	38975.45	68884.21
1	1	1170	1410	512	256	331016.79	37805.81	86891.98
1	1	1410	210	512	256	750939.28	82208.05	94768.77
1	1	1410	450	512	256	489852.25	59532.84	73729.99
1	1	1410	690	512	256	409070.78	52977.34	68652.82
1	1	1410	930	512	256	357378.48	48843.13	66006.12
1	1	1410	1170	512	256	335664.29	47184.55	68652.41
1	1	1410	1410	512	256	326290.53	46203.37	88095.32
1	1	210	210	2048	1	160451.05	12709.58	19179.53
1	1	210	450	2048	1	113892.54	9413.10	15030.57
1	1	210	690	2048	1	100421.02	8626.95	13895.93
1	1	210	930	2048	1	86852.97	7709.14	12905.04
1	1	210	1170	2048	1	81302.71	7245.84	12919.81
1	1	210	1410	2048	1	80335.26	7238.74	16004.10
1	1	450	210	2048	1	141985.44	11503.23	17726.09
1	1	450	450	2048	1	95668.33	8250.41	13543.73
1	1	450	690	2048	1	82214.30	7204.95	12516.03
1	1	450	930	2048	1	68662.87	6314.75	11435.23
1	1	450	1170	2048	1	62924.41	5972.74	11315.30
1	1	450	1410	2048	1	62069.34	5869.98	14186.98
1	1	690	210	2048	1	136169.21	10995.39	17025.30
1	1	690	450	2048	1	89814.51	7855.04	13210.74
1	1	690	690	2048	1	76308.51	6891.14	12007.24
1	1	690	930	2048	1	62836.92	5964.62	10833.07
1	1	690	1170	2048	1	57117.82	5600.30	10884.11
1	1	690	1410	2048	1	56218.29	5458.70	13732.03
1	1	930	210	2048	1	131369.34	10754.71	16626.81
1	1	930	450	2048	1	83938.68	7538.48	12723.27
1	1	930	690	2048	1	71133.57	6620.39	11461.63
1	1	930	930	2048	1	57683.94	5682.88	10428.99
1	1	930	1170	2048	1	51982.90	5303.84	10410.05
1	1	930	1410	2048	1	51425.75	5238.81	13098.23
1	1	1170	210	2048	1	129918.45	10941.80	16378.60
1	1	1170	450	2048	1	82431.94	7789.96	12565.58
1	1	1170	690	2048	1	69002.36	6717.07	11371.38
1	1	1170	930	2048	1	56101.65	5765.40	10274.11
1	1	1170	1170	2048	1	50446.61	5430.17	10267.67
1	1	1170	1410	2048	1	49986.59	5375.02	13001.09
1	1	1410	210	2048	1	129221.96	13032.87	16477.15
1	1	1410	450	2048	1	81588.21	9184.99	12555.95
1	1	1410	690	2048	1	68099.38	8027.12	11340.14
1	1	1410	930	2048	1	55269.91	6983.80	10263.51
1	1	1410	1170	2048	1	49493.89	6455.59	10143.39
1	1	1410	1410	2048	1	49270.26	6448.69	13005.95
1	1	210	210	2048	2	156386.77	12563.48	18845.64
1	1	210	450	2048	2	116000.29	9787.62	15256.63
1	1	210	690	2048	2	106560.84	9195.09	14675.47
1	1	210	930	2048	2	93858.73	8324.83	13620.84
1	1	210	1170	2048	2	88176.79	7887.20	13847.77
1	1	210	1410	2048	2	87116.69	7848.20	17153.96
1	1	450	210	2048	2	138809.59	11331.71	17352.37
1	1	450	450	2048	2	98453.54	8622.59	13945.98
1	1	450	690	2048	2	88133.22	7851.59	13262.92
1	1	450	930	2048	2	75585.16	7047.97	12205.77
1	1	450	1170	2048	2	70493.30	6666.23	12367.18
1	1	450	1410	2048	2	69359.77	6554.81	15490.20
1	1	690	210	2048	2	132494.79	10695.70	16896.46
1	1	690	450	2048	2	91827.00	8098.34	13458.88
1	1	690	690	2048	2	82138.95	7462.98	12772.30
1	1	690	930	2048	2	69689.98	6603.70	11802.62
1	1	690	1170	2048	2	63938.50	6217.03	11758.30
1	1	690	1410	2048	2	62816.42	6111.80	14856.73
1	1	930	210	2048	2	126920.11	10533.54	16512.28
1	1	930	450	2048	2	85223.01	7721.22	12982.02
1	1	930	690	2048	2	76108.21	7119.99	12245.17
1	1	930	930	2048	2	63601.24	6207.44	11285.16
1	1	930	1170	2048	2	58244.53	5840.84	11474.80
1	1	930	1410	2048	2	57159.29	5799.50	14212.67
1	1	1170	210	2048	2	124851.15	11025.73	16304.55
1	1	1170	450	2048	2	82818.68	8019.48	12731.38
1	1	1170	690	2048	2	73117.01	7284.15	12079.23
1	1	1170	930	2048	2	61389.07	6444.96	10967.76
1	1	1170	1170	2048	2	56017.73	6075.07	11244.41
1	1	1170	1410	2048	2	54929.81	5956.17	13998.52
1	1	1410	210	2048	2	123736.85	13137.42	16361.95
1	1	1410	450	2048	2	81806.71	9586.82	12667.95
1	1	1410	690	2048	2	71992.04	8691.20	11953.42
1	1	1410	930	2048	2	60252.76	7728.41	11035.84
1	1	1410	1170	2048	2	54889.68	7239.04	11091.15
1	1	1410	1410	2048	2	53829.57	7152.65	13949.30
1	1	210	210	2048	4	166099.37	13140.46	19917.88
1	1	210	450	2048	4	126306.64	10641.91	16601.81
1	1	210	690	2048	4	116091.03	9954.71	15654.98
1	1	210	930	2048	4	103242.48	9130.86	14774.12
1	1	210	1170	2048	4	98155.70	8782.42	15028.27
1	1	210	1410	2048	4	96996.22	8640.01	18713.09
1	1	450	210	2048	4	145174.87	11799.39	18233.88
1	1	450	450	2048	4	105508.79	9171.81	14842.05
1	1	450	690	2048	4	95615.37	8525.59	14126.59
1	1	450	930	2048	4	82991.68	7703.37	13220.39
1	1	450	1170	2048	4	78250.07	7415.88	13479.66
1	1	450	1410	2048	4	76996.24	7292.91	16890.17
1	1	690	210	2048	4	137692.58	11376.59	17558.32
1	1	690	450	2048	4	98213.21	8762.20	14369.26
1	1	690	690	2048	4	88290.68	8083.84	13738.43
1	1	690	930	2048	4	75863.04	7279.10	12849.35
1	1	690	1170	2048	4	70411.91	6912.61	12964.91
1	1	690	1410	2048	4	69230.08	6774.70	16095.52
1	1	930	210	2048	4	132570.48	11199.94	17335.23
1	1	930	450	2048	4	91244.91	8387.36	13944.15
1	1	930	690	2048	4	82096.22	7770.27	13297.27
1	1	930	930	2048	4	69482.14	6920.30	12408.71
1	1	930	1170	2048	4	64368.23	6504.45	12626.56
1	1	930	1410	2048	4	63181.22	6396.05	15803.72
1	1	1170	210	2048	4	130684.10	11668.37	17141.44
1	1	1170	450	2048	4	88906.19	8726.35	13692.30
1	1	1170	690	2048	4	78856.62	7905.15	13041.03
1	1	1170	930	2048	4	67715.39	7125.75	12183.70
1	1	1170	1170	2048	4	62451.32	6798.52	12428.20
1	1	1170	1410	2048	4	61327.01	6669.93	15720.44
1	1	1410	210	2048	4	129462.73	13861.46	17007.12
1	1	1410	450	2048	4	87807.38	10351.28	13669.19
1	1	1410	690	2048	4	77637.39	9451.68	12897.49
1	1	1410	930	2048	4	66482.51	8565.09	11986.17
1	1	1410	1170	2048	4	61188.87	8131.84	12304.71
1	1	1410	1410	2048	4	60083.63	7927.83	15585.67
1	1	210	210	2048	8	180121.05	14626.91	21375.34
1	1	210	450	2048	8	139221.36	11863.60	18250.31
1	1	210	690	2048	8	129170.03	11241.57	17457.50
1	1	210	930	2048	8	116535.29	10425.36	16707.14
1	1	210	1170	2048	8	111687.71	10063.06	17078.88
1	1	210	1410	2048	8	110372.61	10023.02	21223.45
1	1	450	210	2048	8	157429.68	13099.84	19746.14
1	1	450	450	2048	8	118215.01	10384.46	16543.09
1	1	450	690	2048	8	108248.01	9773.38	16046.45
1	1	450	930	2048	8	95444.56	8957.43	15318.58
1	1	450	1170	2048	8	90347.83	8589.41	15597.12
1	1	450	1410	2048	8	89477.91	8559.02	19712.38
1	1	690	210	2048	8	148969.81	12387.34	19027.84
1	1	690	450	2048	8	110617.10	9923.09	16156.98
1	1	690	690	2048	8	100123.94	9231.88	15487.57
1	1	690	930	2048	8	87342.90	8424.81	14829.20
1	1	690	1170	2048	8	82543.83	8148.03	15152.55
1	1	690	1410	2048	8	81694.07	8130.98	19188.84
1	1	930	210	2048	8	143119.21	12317.06	18591.60
1	1	930	450	2048	8	103224.75	9539.46	15640.07
1	1	930	690	2048	8	93364.43	8903.46	15060.91
1	1	930	930	2048	8	81196.20	8122.81	14435.36
1	1	930	1170	2048	8	76081.28	7839.51	14912.95
1	1	930	1410	2048	8	74847.74	7687.37	18756.50
1	1	1170	210	2048	8	141026.08	12821.61	18458.92
1	1	1170	450	2048	8	99973.67	9848.66	15395.54
1	1	1170	690	2048	8	90493.67	9275.45	14890.73
1	1	1170	930	2048	8	79010.88	8465.54	14369.95
1	1	1170	1170	2048	8	73872.52	8083.56	14658.72
1	1	1170	1410	2048	8	72914.40	8092.76	18670.96
1	1	1410	210	2048	8	139641.27	15217.12	18495.20
1	1	1410	450	2048	8	98789.82	11783.88	15397.66
1	1	1410	690	2048	8	88920.50	11048.84	14710.80
1	1	1410	930	2048	8	77710.42	10215.21	14229.00
1	1	1410	1170	2048	8	72719.04	9798.82	14626.25
1	1	1410	1410	2048	8	72004.14	9768.36	18670.26
1	1	210	210	2048	16	203972.50	16786.20	24275.44
1	1	210	450	2048	16	163797.86	14127.64	21050.29
1	1	210	690	2048	16	152595.08	13431.26	20490.95
1	1	210	930	2048	16	140274.59	12765.36	19802.38
1	1	210	1170	2048	16	134710.29	12345.32	20370.63
1	1	210	1410	2048	16	134259.69	12329.84	25500.24
1	1	450	210	2048	16	176614.51	14971.05	22355.15
1	1	450	450	2048	16	138617.96	12471.54	19456.76
1	1	450	690	2048	16	127620.29	11677.32	18938.35
1	1	450	930	2048	16	114688.54	10890.72	18373.11
1	1	450	1170	2048	16	110223.73	10681.04	19043.42
1	1	450	1410	2048	16	109155.49	10719.42	23963.47
1	1	690	210	2048	16	167880.81	14362.00	21661.36
1	1	690	450	2048	16	130082.30	11917.33	18943.77
1	1	690	690	2048	16	119031.15	11246.63	18440.90
1	1	690	930	2048	16	106430.08	10498.73	17965.91
1	1	690	1170	2048	16	101485.69	10186.38	18710.49
1	1	690	1410	2048	16	100854.54	10166.30	23554.13
1	1	930	210	2048	16	161742.47	14138.57	21261.64
1	1	930	450	2048	16	121373.61	11475.09	18374.70
1	1	930	690	2048	16	112431.57	10883.66	18129.98
1	1	930	930	2048	16	99745.27	10152.87	17708.76
1	1	930	1170	2048	16	94892.38	9841.27	18417.82
1	1	930	1410	2048	16	93678.68	9777.64	23344.33
1	1	1170	210	2048	16	159471.51	14735.60	21034.90
1	1	1170	450	2048	16	118717.86	11900.43	18310.16
1	1	1170	690	2048	16	109892.76	11390.61	17997.70
1	1	1170	930	2048	16	97477.88	10637.54	17648.32
1	1	1170	1170	2048	16	92754.12	10363.56	18437.42
1	1	1170	1410	2048	16	91642.61	10306.56	23381.91
1	1	1410	210	2048	16	158058.16	17630.91	21090.86
1	1	1410	450	2048	16	117128.20	14250.12	18203.73
1	1	1410	690	2048	16	108845.02	13708.05	18025.44
1	1	1410	930	2048	16	96548.67	12857.45	17686.55
1	1	1410	1170	2048	16	91417.55	12510.63	18488.47
1	1	1410	1410	2048	16	90724.00	12548.21	23380.74
1	1	210	210	2048	32	239908.42	20138.22	28112.87
1	1	210	450	2048	32	203044.37	17862.02	25577.95
1	1	210	690	2048	32	193615.66	17292.16	25303.67
1	1	210	930	2048	32	182037.41	16681.11	24987.06
1	1	210	1170	2048	32	176269.12	16348.41	25832.60
1	1	210	1410	2048	32	174636.81	16181.84	32229.09
1	1	450	210	2048	32	209550.50	18086.68	26263.07
1	1	450	450	2048	32	175973.76	16077.02	24199.57
1	1	450	690	2048	32	165927.80	15447.60	23912.91
1	1	450	930	2048	32	153956.17	14817.56	23790.87
1	1	450	1170	2048	32	148245.43	14533.24	24994.53
1	1	450	1410	2048	32	146807.44	14485.16	31269.45
1	1	690	210	2048	32	198535.86	17423.48	25497.41
1	1	690	450	2048	32	166701.54	15566.68	23826.91
1	1	690	690	2048	32	156695.97	15010.05	23713.47
1	1	690	930	2048	32	144381.91	14380.20	23742.70
1	1	690	1170	2048	32	138433.35	13973.59	24368.46
1	1	690	1410	2048	32	137524.92	14121.13	31368.59
1	1	930	210	2048	32	190488.01	17248.20	25121.81
1	1	930	450	2048	32	158023.49	15193.36	23522.12
1	1	930	690	2048	32	148565.96	14751.45	23492.76
1	1	930	930	2048	32	136081.84	14050.30	23721.13
1	1	930	1170	2048	32	130101.52	13875.72	24882.79
1	1	930	1410	2048	32	129376.60	13795.24	31635.87
1	1	1170	210	2048	32	187997.60	18001.19	24974.78
1	1	1170	450	2048	32	154786.00	15861.13	23380.70
1	1	1170	690	2048	32	146112.85	15412.30	23453.70
1	1	1170	930	2048	32	133295.75	14748.05	23499.45
1	1	1170	1170	2048	32	127520.29	14466.06	24926.12
1	1	1170	1410	2048	32	126475.03	14462.33	31573.16
1	1	1410	210	2048	32	186974.81	21573.57	25033.61
1	1	1410	450	2048	32	153662.78	19057.83	23383.99
1	1	1410	690	2048	32	144445.05	18598.84	23403.48
1	1	1410	930	2048	32	132253.08	17888.88	23720.72
1	1	1410	1170	2048	32	126211.44	17624.04	24828.48
1	1	1410	1410	2048	32	125421.44	17691.91	31896.75
1	1	690	690	2048	64	227983.64	22115.05	34114.38
1	1	690	930	2048	64	213467.91	21563.19	34473.29
1	1	690	1170	2048	64	207197.22	21316.00	36621.08
1	1	690	1410	2048	64	205841.96	21300.03	46290.34
1	1	930	690	2048	64	218295.43	21872.10	34214.20
1	1	930	930	2048	64	203699.42	21324.28	35028.16
1	1	930	1170	2048	64	197145.82	21216.55	36792.78
1	1	930	1410	2048	64	196007.72	21160.64	47001.41
1	1	1170	690	2048	64	214620.41	23075.72	34317.95
1	1	1170	930	2048	64	199908.69	22479.67	34877.68
1	1	1170	1170	2048	64	194164.21	22422.81	37080.62
1	1	1170	1410	2048	64	192644.78	22390.11	47062.88
1	1	1410	690	2048	64	212697.92	27906.79	34157.23
1	1	1410	930	2048	64	198394.44	27383.62	34930.15
1	1	1410	1170	2048	64	192415.76	27365.08	37240.92
1	1	1410	1410	2048	64	191159.92	27264.88	47145.11
1	2	210	210	128	1	157104.88	12429.25	18711.17
1	2	210	450	128	1	110436.82	9211.01	14709.55
1	2	210	690	128	1	97125.41	8395.72	13667.27
1	2	210	930	128	1	83843.95	7482.48	12714.15
1	2	210	1170	128	1	77962.57	7038.99	12747.32
1	2	210	1410	128	1	77004.48	6983.90	15680.44
1	2	450	210	128	1	138810.41	11274.69	17486.96
1	2	450	450	128	1	92448.27	8039.71	13296.30
1	2	450	690	128	1	79096.11	6991.67	12332.03
1	2	450	930	128	1	65668.67	6175.32	11201.78
1	2	450	1170	128	1	59955.74	5794.02	11146.95
1	2	450	1410	128	1	58947.01	5657.78	13912.59
1	2	690	210	128	1	133215.08	10791.23	16824.11
1	2	690	450	128	1	86715.20	7681.51	12921.40
1	2	690	690	128	1	73368.81	6759.23	11790.98
1	2	690	930	128	1	59987.53	5822.25	10813.51
1	2	690	1170	128	1	54275.64	5431.06	10699.14
1	2	690	1410	128	1	53285.13	5306.66	13425.87
1	2	930	210	128	1	128601.06	10428.24	16438.80
1	2	930	450	128	1	81189.57	7300.09	12545.05
1	2	930	690	128	1	68377.15	6377.98	11367.25
1	2	930	930	128	1	55047.53	5502.32	10333.42
1	2	930	1170	128	1	49274.85	5059.21	10220.48
1	2	930	1410	128	1	48724.83	5008.07	12910.98
1	2	1170	210	128	1	127248.02	10748.47	16373.68
1	2	1170	450	128	1	79677.33	7507.63	12507.97
1	2	1170	690	128	1	66279.96	6563.77	11197.87
1	2	1170	930	128	1	53463.68	5572.04	10220.49
1	2	1170	1170	128	1	47746.95	5205.28	10007.30
1	2	1170	1410	128	1	47355.42	5149.00	12713.26
1	2	1410	210	128	1	126519.02	12795.52	16307.62
1	2	1410	450	128	1	78992.43	8969.22	12450.63
1	2	1410	690	128	1	65565.67	7741.12	11241.41
1	2	1410	930	128	1	52736.37	6673.12	10115.52
1	2	1410	1170	128	1	46972.29	6241.68	10026.50
1	2	1410	1410	128	1	46714.17	6231.56	12652.07
1	2	210	210	128	2	226443.81	18353.22	30186.84
1	2	210	450	128	2	132413.98	12281.91	22258.78
1	2	210	690	128	2	105425.95	10551.34	20071.21
1	2	210	930	128	2	86999.91	9235.82	18575.12
1	2	210	1170	128	2	86915.16	9174.50	19399.23
1	2	210	1410	128	2	86852.44	9164.01	24802.02
1	2	450	210	128	2	226046.30	18157.02	30037.59
1	2	450	450	128	2	131926.12	12038.54	22199.91
1	2	450	690	128	2	105036.94	10290.27	20008.52
1	2	450	930	128	2	78430.47	8441.98	17862.34
1	2	450	1170	128	2	68262.85	7741.64	17768.73
1	2	450	1410	128	2	67631.30	7646.94	22740.86
1	2	690	210	128	2	226438.91	18282.89	30086.66
1	2	690	450	128	2	132096.89	12090.73	22188.42
1	2	690	690	128	2	105223.40	10308.30	20044.03
1	2	690	930	128	2	78140.68	8448.20	17829.02
1	2	690	1170	128	2	68100.29	7714.01	17713.43
1	2	690	1410	128	2	67700.74	7693.99	22734.94
1	2	930	210	128	2	225977.87	18527.74	30198.95
1	2	930	450	128	2	131848.04	12209.80	22264.83
1	2	930	690	128	2	105052.77	10341.55	20109.34
1	2	930	930	128	2	77966.29	8440.12	17920.60
1	2	930	1170	128	2	68231.10	7745.37	17851.03
1	2	930	1410	128	2	67503.08	7668.76	23061.90
1	2	1170	210	128	2	225836.90	19674.03	30266.12
1	2	1170	450	128	2	132108.48	12927.30	22549.26
1	2	1170	690	128	2	104942.91	11007.49	20272.15
1	2	1170	930	128	2	78189.08	8993.11	17865.28
1	2	1170	1170	128	2	68090.75	8136.93	17939.70
1	2	1170	1410	128	2	67399.57	8100.12	23117.10
1	2	1410	210	128	2	225670.32	23490.14	30277.66
1	2	1410	450	128	2	131723.68	15594.67	22375.88
1	2	1410	690	128	2	104940.95	13299.71	20151.77
1	2	1410	930	128	2	78097.75	10878.24	17820.30
1	2	1410	1170	128	2	68058.35	10048.69	17970.80
1	2	1410	1410	128	2	67368.08	10047.58	23138.34
1	2	210	210	128	4	205508.52	17545.04	28774.75
1	2	210	450	128	4	123889.82	11931.68	21959.23
1	2	210	690	128	4	104920.97	10619.32	20401.58
1	2	210	930	128	4	91511.82	9710.29	19305.70
1	2	210	1170	128	4	91394.63	9698.30	20093.14
1	2	210	1410	128	4	91449.55	9680.91	25483.66
1	2	450	210	128	4	205101.77	17348.47	28594.68
1	2	450	450	128	4	123607.76	11758.84	21771.76
1	2	450	690	128	4	105064.59	10440.29	20321.47
1	2	450	930	128	4	80291.63	8706.06	18194.00
1	2	450	1170	128	4	70018.03	8010.30	18215.94
1	2	450	1410	128	4	68659.45	7925.08	23311.15
1	2	690	210	128	4	206929.23	17589.48	28859.70
1	2	690	450	128	4	123517.96	11739.16	21619.20
1	2	690	690	128	4	105007.59	10397.67	20257.70
1	2	690	930	128	4	80232.39	8700.06	18089.43
1	2	690	1170	128	4	69901.08	8000.72	18199.52
1	2	690	1410	128	4	68562.97	7931.61	23308.04
1	2	930	210	128	4	204976.16	17700.25	28661.60
1	2	930	450	128	4	124525.38	11996.70	21994.49
1	2	930	690	128	4	105047.31	10547.45	20321.45
1	2	930	930	128	4	80157.22	8762.82	18264.88
1	2	930	1170	128	4	69854.47	8005.07	18206.66
1	2	930	1410	128	4	68478.76	7911.65	23299.01
1	2	1170	210	128	4	205180.67	18716.36	28720.78
1	2	1170	450	128	4	124669.54	12605.85	21855.20
1	2	1170	690	128	4	104954.09	11162.94	20278.66
1	2	1170	930	128	4	80113.64	9243.30	18106.49
1	2	1170	1170	128	4	69780.09	8488.71	18249.57
1	2	1170	1410	128	4	68576.96	8366.79	23350.13
1	2	1410	210	128	4	205005.99	22398.97	28721.80
1	2	1410	450	128	4	124071.13	15203.93	21775.33
1	2	1410	690	128	4	104971.48	13511.97	20313.31
1	2	1410	930	128	4	80082.01	11314.09	18102.81
1	2	1410	1170	128	4	69830.99	10404.73	18259.91
1	2	1410	1410	128	4	68381.55	10210.75	23403.18
1	2	210	210	128	8	207742.82	17794.63	29356.09
1	2	210	450	128	8	125770.80	12070.43	22119.77
1	2	210	690	128	8	106058.60	10677.91	20459.81
1	2	210	930	128	8	98685.45	10143.79	19834.31
1	2	210	1170	128	8	98673.01	10135.38	20950.30
1	2	210	1410	128	8	98696.95	10199.19	26480.82
1	2	450	210	128	8	206824.87	17575.73	29119.88
1	2	450	450	128	8	125111.40	11911.96	22099.30
1	2	450	690	128	8	106238.17	10542.93	20544.59
1	2	450	930	128	8	81157.54	8796.55	18415.65
1	2	450	1170	128	8	71308.33	8143.84	18426.08
1	2	450	1410	128	8	69974.44	8069.45	23351.64
1	2	690	210	128	8	206663.24	17613.60	29121.55
1	2	690	450	128	8	125041.67	11876.48	21947.45
1	2	690	690	128	8	105787.91	10557.09	20479.69
1	2	690	930	128	8	80925.43	8781.12	18300.66
1	2	690	1170	128	8	71489.66	8138.25	18498.52
1	2	690	1410	128	8	70270.91	8032.54	23609.82
1	2	930	210	128	8	206550.18	17812.60	29037.54
1	2	930	450	128	8	125963.38	12092.66	22237.23
1	2	930	690	128	8	105690.86	10574.14	20437.51
1	2	930	930	128	8	81286.52	8909.98	18363.53
1	2	930	1170	128	8	71432.54	8178.15	18569.41
1	2	930	1410	128	8	69851.62	8057.75	23516.18
1	2	1170	210	128	8	206532.21	18866.62	29084.41
1	2	1170	450	128	8	125801.67	12807.70	22108.61
1	2	1170	690	128	8	105653.34	11282.41	20323.45
1	2	1170	930	128	8	81222.17	9448.98	18346.97
1	2	1170	1170	128	8	71369.90	8667.37	18597.23
1	2	1170	1410	128	8	69940.99	8553.45	23466.88
1	2	1410	210	128	8	206499.38	22560.63	29138.81
1	2	1410	450	128	8	126140.07	15421.37	22160.79
1	2	1410	690	128	8	105972.64	13616.88	20422.03
1	2	1410	930	128	8	81475.11	11497.02	18469.21
1	2	1410	1170	128	8	71478.86	10555.13	18528.91
1	2	1410	1410	128	8	70069.52	10418.94	23711.25
1	2	210	210	128	16	209036.86	17873.06	29555.05
1	2	210	450	128	16	128529.02	12349.39	22672.61
1	2	210	690	128	16	108574.06	11010.87	21087.35
1	2	210	930	128	16	103023.73	10597.98	20583.04
1	2	210	1170	128	16	103040.68	10627.03	21697.23
1	2	210	1410	128	16	103031.23	10692.34	27602.99
1	2	450	210	128	16	209780.40	17798.69	29643.54
1	2	450	450	128	16	128565.45	12258.31	22663.72
1	2	450	690	128	16	107512.46	10797.70	20801.37
1	2	450	930	128	16	83068.31	9088.48	19025.66
1	2	450	1170	128	16	74234.94	8452.22	19195.56
1	2	450	1410	128	16	72749.03	8336.05	24403.33
1	2	690	210	128	16	210024.13	17965.33	29693.73
1	2	690	450	128	16	128201.71	12287.66	22657.23
1	2	690	690	128	16	107940.93	10876.98	21057.97
1	2	690	930	128	16	83253.45	9088.88	19006.12
1	2	690	1170	128	16	74064.28	8422.65	19205.14
1	2	690	1410	128	16	72714.68	8401.17	24484.48
1	2	930	210	128	16	209277.83	18126.42	29556.33
1	2	930	450	128	16	128182.57	12339.01	22641.45
1	2	930	690	128	16	108120.75	10881.05	21000.43
1	2	930	930	128	16	83116.75	9105.91	18972.24
1	2	930	1170	128	16	74028.95	8543.29	19269.89
1	2	930	1410	128	16	72731.86	8429.73	24662.20
1	2	1170	210	128	16	209165.79	19085.95	29609.23
1	2	1170	450	128	16	128000.43	13075.09	22598.41
1	2	1170	690	128	16	107961.46	11598.79	20977.94
1	2	1170	930	128	16	82940.66	9783.96	19062.15
1	2	1170	1170	128	16	74031.71	8991.80	19097.95
1	2	1170	1410	128	16	72698.79	8948.98	24765.98
1	2	1410	210	128	16	208965.26	22937.55	29600.14
1	2	1410	450	128	16	127816.18	15685.52	22467.60
1	2	1410	690	128	16	107890.28	14066.12	20933.62
1	2	1410	930	128	16	82887.59	11757.43	18980.11
1	2	1410	1170	128	16	73886.95	11539.36	19843.66
1	2	1410	1410	128	16	72578.57	10858.23	24710.92
1	2	210	210	128	32	213973.24	18468.08	30514.84
1	2	210	450	128	32	133802.26	13002.82	23562.73
1	2	210	690	128	32	112299.04	11599.60	21939.51
1	2	210	930	128	32	105070.70	11019.83	21361.52
1	2	210	1170	128	32	104787.81	11105.07	22620.69
1	2	210	1410	128	32	104541.41	11006.35	29036.73
1	2	450	210	128	32	216942.32	18534.37	30893.32
1	2	450	450	128	32	134606.11	12898.73	23755.19
1	2	450	690	128	32	112756.86	11427.12	22012.41
1	2	450	930	128	32	87109.97	9675.30	19974.88
1	2	450	1170	128	32	78491.71	9070.20	20310.36
1	2	450	1410	128	32	77135.53	8960.44	26220.84
1	2	690	210	128	32	215988.59	18591.45	30849.57
1	2	690	450	128	32	134143.20	12916.41	23832.93
1	2	690	690	128	32	112180.30	11403.42	22011.05
1	2	690	930	128	32	87148.96	9650.68	20020.46
1	2	690	1170	128	32	78552.44	9056.99	20335.18
1	2	690	1410	128	32	77158.47	8993.09	26053.55
1	2	930	210	128	32	215919.87	18958.94	30766.27
1	2	930	450	128	32	133523.42	13045.66	23695.21
1	2	930	690	128	32	112423.22	11483.97	22017.73
1	2	930	930	128	32	87045.41	9674.05	19998.04
1	2	930	1170	128	32	78478.55	9103.77	20470.79
1	2	930	1410	128	32	77017.19	8961.05	26146.26
1	2	1170	210	128	32	216162.31	19996.12	30740.34
1	2	1170	450	128	32	134291.09	13777.61	23777.93
1	2	1170	690	128	32	112585.21	12173.45	22184.95
1	2	1170	930	128	32	87172.28	10276.55	19934.23
1	2	1170	1170	128	32	78465.77	9636.77	20416.35
1	2	1170	1410	128	32	77180.32	9593.70	26250.28
1	2	1410	210	128	32	213971.62	23656.06	30409.77
1	2	1410	450	128	32	133644.23	16556.82	23634.67
1	2	1410	690	128	32	112458.53	14782.74	22227.63
1	2	1410	930	128	32	87039.55	12612.51	20056.45
1	2	1410	1170	128	32	78434.84	11802.05	20512.56
1	2	1410	1410	128	32	77078.49	11683.71	26269.40
1	2	210	210	128	64	201482.86	17975.56	29440.67
1	2	210	450	128	64	132135.89	13285.77	23398.80
1	2	210	690	128	64	125071.24	12782.66	22957.29
1	2	210	930	128	64	123709.34	12754.36	23193.39
1	2	210	1170	128	64	124086.20	12863.09	24658.56
1	2	210	1410	128	64	124232.94	12843.89	31225.41
1	2	450	210	128	64	202476.90	17909.45	29566.89
1	2	450	450	128	64	132134.37	13103.99	23455.44
1	2	450	690	128	64	115041.87	11927.35	22282.54
1	2	450	930	128	64	93172.68	10582.34	21077.53
1	2	450	1170	128	64	82352.08	9790.04	21031.99
1	2	450	1410	128	64	80631.58	9721.11	27224.21
1	2	690	210	128	64	202716.10	18111.72	29511.28
1	2	690	450	128	64	132638.19	13191.86	23475.59
1	2	690	690	128	64	115706.98	12041.89	22381.27
1	2	690	930	128	64	93473.89	10541.84	20802.44
1	2	690	1170	128	64	82746.98	9786.88	21195.94
1	2	690	1410	128	64	80984.52	9674.48	27009.89
1	2	930	210	128	64	202242.82	18204.30	29505.70
1	2	930	450	128	64	132115.91	13294.82	23342.27
1	2	930	690	128	64	115381.86	12148.41	22289.77
1	2	930	930	128	64	93155.74	10631.88	20721.55
1	2	930	1170	128	64	82023.65	9775.82	21118.62
1	2	930	1410	128	64	80548.40	9665.29	27055.96
1	2	1170	210	128	64	202402.56	19276.03	29425.95
1	2	1170	450	128	64	132405.96	14058.23	23541.72
1	2	1170	690	128	64	114495.98	12781.40	22341.69
1	2	1170	930	128	64	92667.42	11255.75	20816.00
1	2	1170	1170	128	64	82127.31	10439.23	21137.77
1	2	1170	1410	128	64	81143.81	10401.42	27241.24
1	2	1410	210	128	64	201246.17	23085.90	29216.69
1	2	1410	450	128	64	132439.47	17178.96	23679.80
1	2	1410	690	128	64	115038.42	15650.59	22472.79
1	2	1410	930	128	64	92624.87	13737.62	20796.44
1	2	1410	1170	128	64	82055.46	12855.57	20961.90
1	2	1410	1410	128	64	80768.66	12637.51	27078.86
1	2	210	210	128	128	402028.35	35935.30	58550.07
1	2	210	450	128	128	263939.65	26637.85	47112.11
1	2	210	690	128	128	250473.84	25666.86	46275.37
1	2	210	930	128	128	246223.82	25638.85	46852.56
1	2	210	1170	128	128	246223.82	25662.11	49362.16
1	2	210	1410	128	128	243291.46	25354.45	62162.76
1	2	450	210	128	128	404869.47	35853.81	58937.88
1	2	450	450	128	128	261588.05	26097.60	46721.91
1	2	450	690	128	128	228453.25	23900.62	44745.09
1	2	450	930	128	128	183115.24	20833.94	41325.30
1	2	450	1170	128	128	161470.74	19424.86	42031.62
1	2	450	1410	128	128	160872.89	19553.85	54955.77
1	2	690	210	128	128	401993.62	35843.73	58567.72
1	2	690	450	128	128	264385.63	26332.36	47018.32
1	2	690	690	128	128	229918.55	24030.59	44835.62
1	2	690	930	128	128	184860.40	20996.03	41830.16
1	2	690	1170	128	128	163278.11	19551.40	42217.59
1	2	690	1410	128	128	158848.35	19240.62	53750.96
1	2	930	210	128	128	403478.71	36351.55	58655.98
1	2	930	450	128	128	261263.61	26345.92	46624.88
1	2	930	690	128	128	228988.33	24170.65	44738.66
1	2	930	930	128	128	183474.03	21062.45	41750.72
1	2	930	1170	128	128	162769.59	19581.08	42310.95
1	2	930	1410	128	128	157451.99	19130.30	53712.74
1	2	1170	210	128	128	401264.98	38242.20	58309.86
1	2	1170	450	128	128	263464.08	28088.59	46973.91
1	2	1170	690	128	128	229034.17	25616.97	44796.98
1	2	1170	930	128	128	185032.08	22483.81	41961.76
1	2	1170	1170	128	128	163930.48	20913.32	42615.95
1	2	1170	1410	128	128	161233.40	20713.17	54884.13
1	2	1410	210	128	128	403467.56	46345.18	58984.62
1	2	1410	450	128	128	261069.36	33994.33	46909.81
1	2	1410	690	128	128	229353.99	31364.20	45058.19
1	2	1410	930	128	128	184365.62	27599.51	41775.22
1	2	1410	1170	128	128	163964.32	25818.52	42744.54
1	2	1410	1410	128	128	159799.85	25503.08	54575.99
1	2	210	210	128	256	795627.65	71278.32	115729.40
1	2	210	450	128	256	521137.15	52843.99	92980.67
1	2	210	690	128	256	489943.46	50611.96	90842.59
1	2	210	930	128	256	485330.01	50517.09	91829.95
1	2	210	1170	128	256	483077.48	50435.84	96890.24
1	2	210	1410	128	256	481624.57	50296.06	123200.47
1	2	450	210	128	256	803698.87	71019.92	115962.45
1	2	450	450	128	256	518817.47	51812.03	92137.39
1	2	450	690	128	256	451644.76	47337.23	87843.81
1	2	450	930	128	256	355778.37	40748.13	80093.61
1	2	450	1170	128	256	319519.58	38595.95	83888.67
1	2	450	1410	128	256	311426.46	38099.28	107768.97
1	2	690	210	128	256	801946.38	71374.37	116262.55
1	2	690	450	128	256	520109.93	52047.93	92856.86
1	2	690	690	128	256	450120.30	47240.66	88023.71
1	2	690	930	128	256	357355.97	40854.30	80421.38
1	2	690	1170	128	256	313442.61	37788.10	81865.27
1	2	690	1410	128	256	312931.33	38055.45	107099.80
1	2	930	210	128	256	799487.58	72218.33	115617.73
1	2	930	450	128	256	519416.06	52631.13	92419.80
1	2	930	690	128	256	451997.41	47709.57	87719.55
1	2	930	930	128	256	357470.32	41098.53	80596.16
1	2	930	1170	128	256	316743.92	38369.12	83010.49
1	2	930	1410	128	256	311356.51	37951.89	106673.27
1	2	1170	210	128	256	799069.04	76497.35	116225.85
1	2	1170	450	128	256	519365.11	55777.79	92785.85
1	2	1170	690	128	256	445736.80	50114.49	87227.27
1	2	1170	930	128	256	360386.29	43980.73	81510.03
1	2	1170	1170	128	256	317803.77	40881.07	83364.02
1	2	1170	1410	128	256	312497.63	40516.37	107358.13
1	2	1410	210	128	256	798819.80	92042.69	116290.97
1	2	1410	450	128	256	514383.16	66946.93	91937.63
1	2	1410	690	128	256	451488.67	61989.64	88400.20
1	2	1410	930	128	256	363016.32	54405.88	82416.12
1	2	1410	1170	128	256	320172.75	50357.31	84486.04
1	2	1410	1410	128	256	308530.19	48268.75	106816.84
1	2	210	210	512	1	158279.58	12612.82	19314.15
1	2	210	450	512	1	111807.86	9353.84	14936.73
1	2	210	690	512	1	98436.32	8504.94	13860.30
1	2	210	930	512	1	84994.24	7595.54	12801.67
1	2	210	1170	512	1	79219.17	7111.02	12818.93
1	2	210	1410	512	1	78210.67	7111.08	16050.25
1	2	450	210	512	1	139857.81	11458.79	17577.48
1	2	450	450	512	1	93537.95	8120.86	13380.55
1	2	450	690	512	1	80167.86	7131.97	12344.12
1	2	450	930	512	1	66728.83	6254.38	11272.59
1	2	450	1170	512	1	60970.75	5823.41	11360.92
1	2	450	1410	512	1	60006.04	5741.07	14071.61
1	2	690	210	512	1	134363.16	10896.61	16942.99
1	2	690	450	512	1	87750.75	7778.74	12959.34
1	2	690	690	512	1	74231.38	6810.80	11890.84
1	2	690	930	512	1	60870.02	5870.66	10723.27
1	2	690	1170	512	1	55126.50	5442.30	10806.09
1	2	690	1410	512	1	54196.26	5399.27	13460.02
1	2	930	210	512	1	129401.89	10684.86	16462.62
1	2	930	450	512	1	82024.92	7389.33	12563.22
1	2	930	690	512	1	69274.79	6471.42	11369.77
1	2	930	930	512	1	55875.52	5526.45	10344.35
1	2	930	1170	512	1	50129.56	5086.80	10319.18
1	2	930	1410	512	1	49502.07	5075.70	12999.05
1	2	1170	210	512	1	128059.55	10811.36	16369.16
1	2	1170	450	512	1	80536.50	7607.09	12496.02
1	2	1170	690	512	1	67024.50	6557.87	11156.48
1	2	1170	930	512	1	54261.20	5667.34	10192.02
1	2	1170	1170	512	1	48549.15	5260.22	10164.99
1	2	1170	1410	512	1	48124.95	5264.98	12806.35
1	2	1410	210	512	1	127270.12	12943.08	16308.55
1	2	1410	450	512	1	79779.99	9049.39	12297.50
1	2	1410	690	512	1	66260.17	7821.12	11090.33
1	2	1410	930	512	1	53480.91	6762.52	10116.45
1	2	1410	1170	512	1	47715.83	6227.20	9994.50
1	2	1410	1410	512	1	47424.21	6325.10	12914.99
1	2	210	210	512	2	226804.64	18442.61	30341.86
1	2	210	450	512	2	133587.79	12348.52	22367.65
1	2	210	690	512	2	107011.16	10643.17	20287.90
1	2	210	930	512	2	90027.89	9491.17	18834.27
1	2	210	1170	512	2	89909.91	9467.23	19739.66
1	2	210	1410	512	2	92792.19	9572.51	25340.71
1	2	450	210	512	2	226956.84	18212.88	30170.91
1	2	450	450	512	2	133305.74	12164.34	22472.36
1	2	450	690	512	2	111729.96	10717.46	20701.83
1	2	450	930	512	2	79226.51	8512.62	17791.62
1	2	450	1170	512	2	69266.81	7828.55	17931.06
1	2	450	1410	512	2	68570.45	7841.82	22740.19
1	2	690	210	512	2	226601.68	18343.04	30231.95
1	2	690	450	512	2	132833.93	12172.83	22425.86
1	2	690	690	512	2	106076.08	10452.63	20175.37
1	2	690	930	512	2	79057.29	8533.30	17923.27
1	2	690	1170	512	2	69297.95	7873.27	18059.37
1	2	690	1410	512	2	68636.68	7778.08	22939.13
1	2	930	210	512	2	226490.94	18676.15	30260.07
1	2	930	450	512	2	132675.79	12330.49	22473.88
1	2	930	690	512	2	105934.11	10482.62	20144.98
1	2	930	930	512	2	79092.58	8582.98	17891.73
1	2	930	1170	512	2	69020.32	7829.66	17924.98
1	2	930	1410	512	2	68281.12	7785.02	23069.62
1	2	1170	210	512	2	226373.22	19747.65	30340.21
1	2	1170	450	512	2	132478.17	13007.08	22444.32
1	2	1170	690	512	2	105722.67	11095.26	20157.47
1	2	1170	930	512	2	78980.60	9071.01	17816.54
1	2	1170	1170	512	2	68946.46	8262.36	18004.18
1	2	1170	1410	512	2	68220.13	8216.13	23022.34
1	2	1410	210	512	2	226234.53	23608.63	30410.42
1	2	1410	450	512	2	132444.41	15621.55	22329.75
1	2	1410	690	512	2	105793.61	13399.55	20158.53
1	2	1410	930	512	2	78926.43	10961.92	17947.93
1	2	1410	1170	512	2	68834.11	10141.47	17985.22
1	2	1410	1410	512	2	68174.77	10154.27	23222.62
1	2	210	210	512	4	207358.42	17739.59	28982.76
1	2	210	450	512	4	126377.55	12091.16	22010.01
1	2	210	690	512	4	107066.50	10767.76	20507.34
1	2	210	930	512	4	94997.61	9990.21	19466.67
1	2	210	1170	512	4	94912.86	9953.27	20569.34
1	2	210	1410	512	4	94971.29	9961.95	25996.34
1	2	450	210	512	4	206842.54	17535.52	28723.46
1	2	450	450	512	4	125688.85	11880.73	21808.52
1	2	450	690	512	4	107249.15	10590.83	20443.52
1	2	450	930	512	4	82117.47	8929.70	18274.69
1	2	450	1170	512	4	72106.30	8229.17	18599.32
1	2	450	1410	512	4	70769.72	8111.03	23504.96
1	2	690	210	512	4	206735.62	17682.73	28911.27
1	2	690	450	512	4	125501.46	11936.38	21913.46
1	2	690	690	512	4	106791.19	10602.61	20438.84
1	2	690	930	512	4	82327.40	8896.41	18451.48
1	2	690	1170	512	4	71866.11	8137.57	18456.63
1	2	690	1410	512	4	70483.72	8101.52	23390.53
1	2	930	210	512	4	206649.73	17931.05	28828.70
1	2	930	450	512	4	126610.20	12140.38	21936.48
1	2	930	690	512	4	106666.06	10712.83	20380.77
1	2	930	930	512	4	82067.13	8935.40	18372.17
1	2	930	1170	512	4	72055.77	8286.66	18534.09
1	2	930	1410	512	4	70715.17	8139.17	23697.39
1	2	1170	210	512	4	208914.70	19056.13	29178.84
1	2	1170	450	512	4	126360.78	12836.53	21931.20
1	2	1170	690	512	4	106543.84	11258.39	20375.16
1	2	1170	930	512	4	81968.12	9438.78	18430.46
1	2	1170	1170	512	4	71942.66	8749.23	18659.97
1	2	1170	1410	512	4	70693.18	8692.22	23789.84
1	2	1410	210	512	4	208859.86	22711.37	29125.85
1	2	1410	450	512	4	126262.22	15437.78	22153.24
1	2	1410	690	512	4	106505.11	13711.55	20485.70
1	2	1410	930	512	4	82034.14	11560.16	18348.11
1	2	1410	1170	512	4	71949.05	10680.30	18571.62
1	2	1410	1410	512	4	70641.10	10533.56	23761.05
1	2	210	210	512	8	210324.15	17909.80	29650.32
1	2	210	450	512	8	129973.18	12519.95	22627.38
1	2	210	690	512	8	109950.61	11084.53	21041.70
1	2	210	930	512	8	104173.57	10633.83	20507.43
1	2	210	1170	512	8	104481.53	10696.69	21627.79
1	2	210	1410	512	8	104469.88	10703.78	27263.73
1	2	450	210	512	8	211833.41	18018.77	29606.68
1	2	450	450	512	8	129883.39	12323.97	22656.80
1	2	450	690	512	8	110122.47	10949.51	21036.15
1	2	450	930	512	8	84862.32	9229.05	18854.19
1	2	450	1170	512	8	75243.14	8617.10	19177.75
1	2	450	1410	512	8	73888.86	8460.43	24391.30
1	2	690	210	512	8	210849.83	18075.29	29671.14
1	2	690	450	512	8	129341.30	12361.12	22469.13
1	2	690	690	512	8	109573.63	10919.03	20880.34
1	2	690	930	512	8	84933.75	9227.38	18868.64
1	2	690	1170	512	8	75313.27	8593.86	19304.33
1	2	690	1410	512	8	73863.33	8438.59	24628.62
1	2	930	210	512	8	210756.48	18318.10	29651.14
1	2	930	450	512	8	129990.75	12574.83	22856.96
1	2	930	690	512	8	109791.75	11102.95	21076.07
1	2	930	930	512	8	85240.03	9352.40	19003.59
1	2	930	1170	512	8	75303.95	8622.97	19358.03
1	2	930	1410	512	8	74017.59	8504.71	24708.94
1	2	1170	210	512	8	210725.39	19260.38	29739.38
1	2	1170	450	512	8	129765.59	13286.57	22825.02
1	2	1170	690	512	8	109732.79	11691.60	21082.27
1	2	1170	930	512	8	84794.59	9830.16	19033.34
1	2	1170	1170	512	8	75027.10	9123.59	19311.17
1	2	1170	1410	512	8	73716.47	9027.74	24367.83
1	2	1410	210	512	8	210796.45	23089.95	29809.19
1	2	1410	450	512	8	129672.75	15928.95	22799.24
1	2	1410	690	512	8	109753.97	14197.80	21199.48
1	2	1410	930	512	8	84813.35	12057.43	18970.72
1	2	1410	1170	512	8	75009.14	11143.42	19214.55
1	2	1410	1410	512	8	73623.69	10914.77	24590.85
1	2	210	210	512	16	216998.00	18654.68	30630.46
1	2	210	450	512	16	136101.74	13159.84	23665.12
1	2	210	690	512	16	115259.76	11740.72	22023.48
1	2	210	930	512	16	114219.55	11626.26	22059.02
1	2	210	1170	512	16	114513.10	11636.27	23246.92
1	2	210	1410	512	16	114242.57	11720.06	29422.53
1	2	450	210	512	16	216867.41	18557.43	30508.47
1	2	450	450	512	16	136005.27	13067.39	23767.43
1	2	450	690	512	16	115394.41	11587.80	22125.02
1	2	450	930	512	16	90541.22	9897.62	20107.48
1	2	450	1170	512	16	81020.17	9228.28	20456.75
1	2	450	1410	512	16	80061.35	9230.21	26087.57
1	2	690	210	512	16	218159.58	18674.87	30734.64
1	2	690	450	512	16	136063.23	13021.41	23795.95
1	2	690	690	512	16	115338.30	11604.03	22081.53
1	2	690	930	512	16	90171.30	9836.05	20197.63
1	2	690	1170	512	16	81148.76	9219.66	20640.78
1	2	690	1410	512	16	80040.22	9199.16	26211.78
1	2	930	210	512	16	217064.46	18855.74	30541.06
1	2	930	450	512	16	135747.21	13182.56	23742.53
1	2	930	690	512	16	115286.37	11702.98	22126.17
1	2	930	930	512	16	90434.38	10044.45	20203.71
1	2	930	1170	512	16	81147.79	9392.91	20634.73
1	2	930	1410	512	16	79989.98	9265.55	26242.34
1	2	1170	210	512	16	217749.58	19978.24	30608.35
1	2	1170	450	512	16	136017.50	13938.03	23760.77
1	2	1170	690	512	16	115126.56	12427.66	22075.08
1	2	1170	930	512	16	90077.54	10505.95	20106.21
1	2	1170	1170	512	16	81194.33	9897.08	20788.14
1	2	1170	1410	512	16	79855.85	9858.30	26444.90
1	2	1410	210	512	16	217617.56	23999.16	30635.72
1	2	1410	450	512	16	135951.38	16909.27	23755.02
1	2	1410	690	512	16	115006.43	15061.52	22224.84
1	2	1410	930	512	16	90526.48	12799.61	20349.47
1	2	1410	1170	512	16	81121.17	12132.98	20662.61
1	2	1410	1410	512	16	79810.61	11980.03	26567.02
1	2	210	210	512	32	231189.47	20086.83	32705.26
1	2	210	450	512	32	148833.23	14511.86	25669.62
1	2	210	690	512	32	126235.27	13061.61	23925.70
1	2	210	930	512	32	126234.32	13085.20	24153.15
1	2	210	1170	512	32	126130.64	13045.86	25532.91
1	2	210	1410	512	32	125685.81	13035.74	32302.25
1	2	450	210	512	32	231220.48	19901.55	32656.66
1	2	450	450	512	32	149047.73	14384.44	25677.80
1	2	450	690	512	32	126275.75	12854.20	23904.78
1	2	450	930	512	32	101342.48	11206.62	22187.02
1	2	450	1170	512	32	93045.34	10727.39	23071.99
1	2	450	1410	512	32	91889.74	10622.66	29630.49
1	2	690	210	512	32	230163.76	19932.66	32437.45
1	2	690	450	512	32	148558.29	14373.68	25834.63
1	2	690	690	512	32	126270.18	12912.47	24307.86
1	2	690	930	512	32	101740.09	11294.85	22619.18
1	2	690	1170	512	32	92555.83	10604.57	23137.63
1	2	690	1410	512	32	91354.27	10556.77	29773.45
1	2	930	210	512	32	230399.15	20350.47	32536.32
1	2	930	450	512	32	148992.33	14648.81	25945.95
1	2	930	690	512	32	126290.41	12983.98	24365.57
1	2	930	930	512	32	101188.53	11339.48	22488.70
1	2	930	1170	512	32	92799.34	10788.39	23431.62
1	2	930	1410	512	32	91591.88	10680.51	30218.93
1	2	1170	210	512	32	230545.19	21549.32	32703.59
1	2	1170	450	512	32	148519.66	15501.75	25827.38
1	2	1170	690	512	32	126397.14	13811.05	24279.27
1	2	1170	930	512	32	101620.19	12020.06	22696.97
1	2	1170	1170	512	32	92909.34	11424.19	23616.15
1	2	1170	1410	512	32	91487.91	11392.10	30217.13
1	2	1410	210	512	32	229900.19	25733.71	32534.70
1	2	1410	450	512	32	147828.83	18654.45	25722.92
1	2	1410	690	512	32	127005.64	16868.83	24448.98
1	2	1410	930	512	32	101358.85	14742.45	22750.95
1	2	1410	1170	512	32	92930.05	14065.73	23807.39
1	2	1410	1410	512	32	91519.95	13937.84	30516.74
1	2	210	210	512	64	228832.42	20734.57	33090.90
1	2	210	450	512	64	158538.72	16196.45	27623.86
1	2	210	690	512	64	157256.67	16189.85	27973.28
1	2	210	930	512	64	157119.39	16306.04	28531.50
1	2	210	1170	512	64	157194.97	16235.93	30278.22
1	2	210	1410	512	64	157100.87	16236.57	38253.94
1	2	450	210	512	64	228851.62	20439.86	33074.16
1	2	450	450	512	64	158665.09	15901.41	27772.88
1	2	450	690	512	64	141647.42	14883.51	26993.49
1	2	450	930	512	64	117072.51	13336.60	25654.71
1	2	450	1170	512	64	108841.67	12984.60	27385.03
1	2	450	1410	512	64	113260.80	13299.41	35857.13
1	2	690	210	512	64	230692.96	20671.90	33358.76
1	2	690	450	512	64	159284.01	16008.30	27923.22
1	2	690	690	512	64	141556.13	14840.35	27057.80
1	2	690	930	512	64	118471.00	13491.48	25996.51
1	2	690	1170	512	64	108214.50	12834.05	27103.00
1	2	690	1410	512	64	107032.83	12820.19	34896.33
1	2	930	210	512	64	228566.73	20765.98	32939.90
1	2	930	450	512	64	158687.57	16090.61	27930.55
1	2	930	690	512	64	141069.02	14970.12	27097.66
1	2	930	930	512	64	118912.67	13632.51	26181.89
1	2	930	1170	512	64	108275.22	13019.38	27445.59
1	2	930	1410	512	64	106769.95	12901.51	35265.33
1	2	1170	210	512	64	228594.82	21941.00	32892.91
1	2	1170	450	512	64	160238.06	17163.59	28206.81
1	2	1170	690	512	64	141162.97	15882.08	27188.06
1	2	1170	930	512	64	118882.25	14425.00	26273.30
1	2	1170	1170	512	64	108229.03	13805.22	27537.37
1	2	1170	1410	512	64	106652.08	13639.12	35215.66
1	2	1410	210	512	64	229887.63	26586.91	33083.09
1	2	1410	450	512	64	159407.76	20774.44	28125.45
1	2	1410	690	512	64	140827.73	19365.47	27245.55
1	2	1410	930	512	64	118106.45	17686.12	26365.64
1	2	1410	1170	512	64	107720.10	16951.11	27637.34
1	2	1410	1410	512	64	106552.95	16799.05	35441.76
1	2	210	210	512	128	439026.90	39908.67	63491.73
1	2	210	450	512	128	297791.33	30707.88	52584.23
1	2	210	690	512	128	295248.64	30499.38	52976.66
1	2	210	930	512	128	291426.97	30481.62	53461.07
1	2	210	1170	512	128	292062.44	30503.45	56603.00
1	2	210	1410	512	128	294410.18	30648.54	71989.35
1	2	450	210	512	128	438168.73	39369.91	63486.73
1	2	450	450	512	128	297179.57	30226.97	52912.29
1	2	450	690	512	128	263016.04	27987.61	50754.05
1	2	450	930	512	128	219135.21	25380.73	48862.34
1	2	450	1170	512	128	198595.49	24198.45	51076.12
1	2	450	1410	512	128	207417.23	24824.90	66900.38
1	2	690	210	512	128	440730.36	39704.61	63913.83
1	2	690	450	512	128	297874.54	30172.45	52625.50
1	2	690	690	512	128	262804.60	27922.66	50639.83
1	2	690	930	512	128	218154.02	25223.79	48545.49
1	2	690	1170	512	128	197202.58	24011.94	50874.43
1	2	690	1410	512	128	193729.25	23770.97	65439.44
1	2	930	210	512	128	437885.18	40080.86	63460.80
1	2	930	450	512	128	297681.30	30521.16	52865.09
1	2	930	690	512	128	262546.14	28242.66	50859.26
1	2	930	930	512	128	217983.52	25424.17	48843.98
1	2	930	1170	512	128	197175.18	24123.33	51160.45
1	2	930	1410	512	128	194308.20	23927.34	65829.84
1	2	1170	210	512	128	438945.44	42431.52	64072.16
1	2	1170	450	512	128	297603.54	32303.02	53004.58
1	2	1170	690	512	128	263687.05	30050.16	51301.89
1	2	1170	930	512	128	216713.11	26798.76	48672.26
1	2	1170	1170	512	128	197007.72	25661.78	51308.21
1	2	1170	1410	512	128	194299.72	25525.77	66320.22
1	2	1410	210	512	128	439171.36	51227.74	64127.30
1	2	1410	450	512	128	297795.88	39404.22	53006.13
1	2	1410	690	512	128	262530.45	36588.38	51118.91
1	2	1410	930	512	128	216987.60	33034.88	48913.59
1	2	1410	1170	512	128	197229.34	31629.63	51198.93
1	2	1410	1410	512	128	193940.36	31390.48	65869.35
1	2	210	210	512	256	847561.46	77293.59	123115.14
1	2	210	450	512	256	566456.39	58809.72	101245.19
1	2	210	690	512	256	559770.63	58248.15	101281.69
1	2	210	930	512	256	555389.94	58252.33	102267.51
1	2	210	1170	512	256	553735.49	57898.48	107059.64
1	2	210	1410	512	256	551318.93	57670.21	135594.64
1	2	450	210	512	256	848043.70	76306.75	123147.55
1	2	450	450	512	256	565554.43	57607.73	101763.34
1	2	450	690	512	256	501116.01	53395.41	97407.56
1	2	450	930	512	256	407553.27	47580.64	92067.38
1	2	450	1170	512	256	365848.55	45242.12	95714.39
1	2	450	1410	512	256	382093.81	46308.98	127518.10
1	2	690	210	512	256	850884.65	76968.85	123657.17
1	2	690	450	512	256	563123.11	57506.91	100499.67
1	2	690	690	512	256	495659.26	53152.75	96820.59
1	2	690	930	512	256	406068.37	47500.73	91969.88
1	2	690	1170	512	256	361844.27	44505.80	94042.16
1	2	690	1410	512	256	359532.98	44660.87	122830.80
1	2	930	210	512	256	848334.84	77711.82	123223.35
1	2	930	450	512	256	562965.52	58132.98	100764.19
1	2	930	690	512	256	495078.41	53546.41	96777.02
1	2	930	930	512	256	405180.48	47695.09	91552.30
1	2	930	1170	512	256	366356.20	45299.01	95635.70
1	2	930	1410	512	256	358635.82	44786.23	122598.16
1	2	1170	210	512	256	848945.17	82480.62	122957.77
1	2	1170	450	512	256	565930.51	61825.29	100866.02
1	2	1170	690	512	256	496908.34	56980.87	96914.83
1	2	1170	930	512	256	408999.70	51007.14	92302.86
1	2	1170	1170	512	256	366172.79	47991.38	95509.40
1	2	1170	1410	512	256	361066.06	47712.74	123366.32
1	2	1410	210	512	256	851711.78	99560.76	123821.35
1	2	1410	450	512	256	570179.87	75717.62	101455.69
1	2	1410	690	512	256	499957.55	69981.17	97266.87
1	2	1410	930	512	256	411502.46	63083.14	92890.57
1	2	1410	1170	512	256	368609.85	59734.63	95945.33
1	2	1410	1410	512	256	356377.93	58376.30	121774.14
1	2	210	210	2048	1	160348.91	12720.85	19320.58
1	2	210	450	2048	1	113805.13	9448.23	15000.79
1	2	210	690	2048	1	100467.45	8640.19	13962.29
1	2	210	930	2048	1	87066.72	7739.27	12808.03
1	2	210	1170	2048	1	81382.02	7312.36	12953.34
1	2	210	1410	2048	1	80374.38	7194.55	16134.41
1	2	450	210	2048	1	141980.32	11535.98	17659.85
1	2	450	450	2048	1	95565.99	8261.34	13475.20
1	2	450	690	2048	1	84878.19	7480.68	12743.84
1	2	450	930	2048	1	68498.66	6352.28	11342.98
1	2	450	1170	2048	1	63809.16	6009.30	11500.92
1	2	450	1410	2048	1	62434.05	5909.71	14236.49
1	2	690	210	2048	1	136558.87	11026.92	16913.57
1	2	690	450	2048	1	89651.13	7869.46	13104.10
1	2	690	690	2048	1	78986.58	7096.93	12168.62
1	2	690	930	2048	1	62207.78	5975.90	10793.79
1	2	690	1170	2048	1	57192.92	5591.46	10982.80
1	2	690	1410	2048	1	56349.12	5554.64	13653.10
1	2	930	210	2048	1	131458.18	10849.47	16453.16
1	2	930	450	2048	1	84087.19	7595.64	12716.18
1	2	930	690	2048	1	73251.75	6855.04	11761.84
1	2	930	930	2048	1	57166.35	5648.45	10331.82
1	2	930	1170	2048	1	52278.58	5260.79	10642.32
1	2	930	1410	2048	1	51571.02	5183.80	13229.22
1	2	1170	210	2048	1	130187.50	10943.05	16344.79
1	2	1170	450	2048	1	82765.95	7770.48	12547.66
1	2	1170	690	2048	1	71860.17	6926.62	11548.85
1	2	1170	930	2048	1	55543.59	5761.43	10333.20
1	2	1170	1170	2048	1	50599.66	5437.16	10403.65
1	2	1170	1410	2048	1	50172.07	5356.73	12964.62
1	2	1410	210	2048	1	129528.77	13042.83	16381.79
1	2	1410	450	2048	1	81871.69	9183.10	12548.02
1	2	1410	690	2048	1	71049.16	8258.91	11575.27
1	2	1410	930	2048	1	54665.54	6911.21	10264.71
1	2	1410	1170	2048	1	49825.31	6512.12	10198.42
1	2	1410	1410	2048	1	49533.98	6466.62	12977.16
1	2	210	210	2048	2	229713.43	18650.90	30407.45
1	2	210	450	2048	2	136218.32	12625.12	22672.38
1	2	210	690	2048	2	115363.64	11227.35	20979.09
1	2	210	930	2048	2	93267.84	9733.95	19021.23
1	2	210	1170	2048	2	93078.33	9710.61	19930.50
1	2	210	1410	2048	2	92875.28	9707.99	25356.93
1	2	450	210	2048	2	229532.00	18481.90	30349.33
1	2	450	450	2048	2	135984.65	12363.53	22433.05
1	2	450	690	2048	2	109106.15	10614.85	20311.85
1	2	450	930	2048	2	82293.37	8801.05	18009.66
1	2	450	1170	2048	2	72321.66	8079.34	18127.45
1	2	450	1410	2048	2	71899.07	8164.92	22994.05
1	2	690	210	2048	2	229414.98	18548.44	30317.68
1	2	690	450	2048	2	135915.59	12406.41	22610.65
1	2	690	690	2048	2	114030.39	11156.29	21117.71
1	2	690	930	2048	2	82232.18	8710.86	18063.72
1	2	690	1170	2048	2	72272.27	8064.87	18191.09
1	2	690	1410	2048	2	71373.66	8032.69	22965.06
1	2	930	210	2048	2	228914.98	18849.04	30267.78
1	2	930	450	2048	2	135290.19	12505.79	22495.01
1	2	930	690	2048	2	114178.95	11052.48	20768.25
1	2	930	930	2048	2	81486.63	8710.84	18022.63
1	2	930	1170	2048	2	71796.23	8112.45	18174.05
1	2	930	1410	2048	2	71003.85	8085.17	23007.53
1	2	1170	210	2048	2	228758.03	19909.08	30365.15
1	2	1170	450	2048	2	134953.87	13185.79	22545.22
1	2	1170	690	2048	2	113846.16	11664.18	20820.54
1	2	1170	930	2048	2	81581.00	9263.61	18055.55
1	2	1170	1170	2048	2	71815.66	8566.67	18085.66
1	2	1170	1410	2048	2	71066.54	8471.66	23044.29
1	2	1410	210	2048	2	228859.11	23826.97	30302.44
1	2	1410	450	2048	2	135039.76	15900.12	22559.77
1	2	1410	690	2048	2	113747.14	14117.75	20868.74
1	2	1410	930	2048	2	81539.63	11203.95	17925.82
1	2	1410	1170	2048	2	71703.47	10462.76	18041.80
1	2	1410	1410	2048	2	70881.09	10378.15	23009.53
1	2	210	210	2048	4	214773.27	18361.45	29540.38
1	2	210	450	2048	4	134516.52	12842.27	22970.98
1	2	210	690	2048	4	115118.96	11577.95	21414.63
1	2	210	930	2048	4	105122.78	10878.33	20726.34
1	2	210	1170	2048	4	104859.38	10824.09	21623.12
1	2	210	1410	2048	4	104706.30	10810.56	27463.75
1	2	450	210	2048	4	217909.96	18401.60	29914.92
1	2	450	450	2048	4	134765.81	12671.90	22921.22
1	2	450	690	2048	4	114479.66	11337.66	21374.67
1	2	450	930	2048	4	89340.51	9614.23	19349.30
1	2	450	1170	2048	4	79431.75	8942.48	19702.08
1	2	450	1410	2048	4	77852.51	8847.88	24880.17
1	2	690	210	2048	4	214434.10	18297.88	29467.53
1	2	690	450	2048	4	133725.41	12735.45	22817.56
1	2	690	690	2048	4	114520.93	11374.59	21451.96
1	2	690	930	2048	4	89760.75	9657.60	19606.94
1	2	690	1170	2048	4	79038.59	8915.20	19714.00
1	2	690	1410	2048	4	78094.32	8839.43	24950.20
1	2	930	210	2048	4	216598.80	18714.41	29754.52
1	2	930	450	2048	4	134382.67	12884.67	23096.27
1	2	930	690	2048	4	120111.62	11868.65	22102.14
1	2	930	930	2048	4	89140.09	9659.49	19538.55
1	2	930	1170	2048	4	79251.11	9013.66	19766.53
1	2	930	1410	2048	4	77808.43	8894.66	24925.17
1	2	1170	210	2048	4	216588.73	19794.48	29856.82
1	2	1170	450	2048	4	133724.39	13581.98	22974.66
1	2	1170	690	2048	4	119984.21	12521.43	22104.97
1	2	1170	930	2048	4	89609.40	10291.24	19700.16
1	2	1170	1170	2048	4	78621.62	9538.65	19663.34
1	2	1170	1410	2048	4	77799.22	9398.14	24989.62
1	2	1410	210	2048	4	216199.55	23651.08	29817.03
1	2	1410	450	2048	4	133584.87	16429.97	23004.72
1	2	1410	690	2048	4	114745.80	14823.63	21628.91
1	2	1410	930	2048	4	89442.05	12558.50	19595.29
1	2	1410	1170	2048	4	79028.55	11711.38	19809.88
1	2	1410	1410	2048	4	77675.73	11515.45	25359.42
1	2	210	210	2048	8	225701.56	19345.47	31301.33
1	2	210	450	2048	8	144646.32	13869.61	24559.00
1	2	210	690	2048	8	124202.83	12506.09	22851.49
1	2	210	930	2048	8	123156.64	12441.00	22977.79
1	2	210	1170	2048	8	123487.83	12492.63	24164.54
1	2	210	1410	2048	8	123211.02	12480.81	30438.19
1	2	450	210	2048	8	225706.66	19355.96	31229.09
1	2	450	450	2048	8	143726.41	13711.20	24551.09
1	2	450	690	2048	8	124628.64	12455.74	23153.10
1	2	450	930	2048	8	99233.22	10758.14	21282.51
1	2	450	1170	2048	8	89539.03	10077.90	21677.80
1	2	450	1410	2048	8	88439.12	9999.44	27701.94
1	2	690	210	2048	8	225325.41	19356.95	31295.43
1	2	690	450	2048	8	143602.15	13793.98	24625.55
1	2	690	690	2048	8	123938.19	12423.95	23112.93
1	2	690	930	2048	8	99528.46	10741.43	21412.86
1	2	690	1170	2048	8	89101.74	10055.76	21857.41
1	2	690	1410	2048	8	87963.26	10023.44	27495.53
1	2	930	210	2048	8	225532.20	19618.12	31313.61
1	2	930	450	2048	8	143884.11	13927.77	24750.85
1	2	930	690	2048	8	123687.83	12530.59	23209.70
1	2	930	930	2048	8	99355.16	10837.24	21558.88
1	2	930	1170	2048	8	89294.40	10136.47	21911.68
1	2	930	1410	2048	8	87664.69	10086.24	27877.53
1	2	1170	210	2048	8	225609.19	20752.32	31400.98
1	2	1170	450	2048	8	143798.54	14791.43	24768.52
1	2	1170	690	2048	8	123952.92	13256.60	23223.34
1	2	1170	930	2048	8	99004.26	11473.05	21397.29
1	2	1170	1170	2048	8	89505.99	10806.88	22127.64
1	2	1170	1410	2048	8	87861.52	10685.54	27918.96
1	2	1410	210	2048	8	225462.25	24773.64	31337.53
1	2	1410	450	2048	8	143579.96	17766.84	24798.09
1	2	1410	690	2048	8	124706.81	16148.81	23472.25
1	2	1410	930	2048	8	99248.93	14067.59	21582.73
1	2	1410	1170	2048	8	89592.96	13230.45	22192.43
1	2	1410	1410	2048	8	88141.40	13080.18	28296.67
1	2	210	210	2048	16	243203.19	21141.83	33809.16
1	2	210	450	2048	16	161254.63	15696.52	27419.38
1	2	210	690	2048	16	146570.15	14839.87	26576.57
1	2	210	930	2048	16	145176.06	14782.93	26764.37
1	2	210	1170	2048	16	145630.41	14826.48	28144.44
1	2	210	1410	2048	16	145517.89	14783.89	35551.09
1	2	450	210	2048	16	243406.74	21080.86	33784.51
1	2	450	450	2048	16	161951.58	15686.40	27770.79
1	2	450	690	2048	16	141417.09	14370.70	26467.05
1	2	450	930	2048	16	115842.37	12765.16	24903.09
1	2	450	1170	2048	16	106889.68	12296.70	26158.29
1	2	450	1410	2048	16	105522.42	12234.59	33248.38
1	2	690	210	2048	16	243559.52	21124.67	33897.99
1	2	690	450	2048	16	162502.68	15803.34	27922.41
1	2	690	690	2048	16	141134.81	14406.64	26566.81
1	2	690	930	2048	16	115891.93	12820.62	25034.69
1	2	690	1170	2048	16	107132.07	12307.70	26281.84
1	2	690	1410	2048	16	106113.65	12285.70	33669.31
1	2	930	210	2048	16	243248.34	21435.66	33915.66
1	2	930	450	2048	16	161474.24	15894.39	27854.98
1	2	930	690	2048	16	140986.44	14485.12	26660.40
1	2	930	930	2048	16	115821.40	12912.55	25179.61
1	2	930	1170	2048	16	106504.54	12428.31	26353.97
1	2	930	1410	2048	16	105114.20	12322.79	33731.93
1	2	1170	210	2048	16	242924.96	22541.54	33828.84
1	2	1170	450	2048	16	162171.15	16892.93	27975.53
1	2	1170	690	2048	16	141403.51	15466.58	26708.10
1	2	1170	930	2048	16	115665.77	13637.30	25253.33
1	2	1170	1170	2048	16	106785.37	13197.09	26735.48
1	2	1170	1410	2048	16	105360.68	13096.04	33920.07
1	2	1410	210	2048	16	242697.61	27022.05	33901.86
1	2	1410	450	2048	16	161866.19	20327.80	28029.70
1	2	1410	690	2048	16	141000.03	18699.16	26818.25
1	2	1410	930	2048	16	115936.90	16803.00	25509.64
1	2	1410	1170	2048	16	106429.13	16076.26	26507.63
1	2	1410	1410	2048	16	105157.62	16039.62	33766.40
1	2	210	210	2048	32	278358.50	24842.66	38980.27
1	2	210	450	2048	32	195778.10	19712.95	33643.75
1	2	210	690	2048	32	188151.81	19409.41	33867.90
1	2	210	930	2048	32	187519.49	19408.16	34006.05
1	2	210	1170	2048	32	187621.67	19365.59	35632.44
1	2	210	1410	2048	32	187164.71	19358.26	45276.89
1	2	450	210	2048	32	278431.08	24536.02	39154.09
1	2	450	450	2048	32	196235.48	19456.71	33984.23
1	2	450	690	2048	32	175207.82	18329.82	33378.02
1	2	450	930	2048	32	149928.79	17003.44	32864.98
1	2	450	1170	2048	32	140014.94	16570.62	34846.52
1	2	450	1410	2048	32	138642.00	16644.88	44565.66
1	2	690	210	2048	32	279442.01	24769.22	39325.95
1	2	690	450	2048	32	196293.35	19529.81	34056.23
1	2	690	690	2048	32	175730.73	18369.52	33361.38
1	2	690	930	2048	32	149829.52	16992.68	33075.80
1	2	690	1170	2048	32	139931.26	16775.85	35979.32
1	2	690	1410	2048	32	138671.55	16585.25	45491.07
1	2	930	210	2048	32	278410.65	25040.50	39119.05
1	2	930	450	2048	32	196014.43	19663.91	33976.89
1	2	930	690	2048	32	174657.40	18422.47	33392.03
1	2	930	930	2048	32	149178.03	17128.11	33113.11
1	2	930	1170	2048	32	139735.85	16688.60	35222.77
1	2	930	1410	2048	32	138605.86	16656.53	45758.20
1	2	1170	210	2048	32	277736.06	26391.35	39131.92
1	2	1170	450	2048	32	195551.63	20840.71	33993.02
1	2	1170	690	2048	32	174085.54	19545.41	33434.49
1	2	1170	930	2048	32	148881.68	18168.10	33065.62
1	2	1170	1170	2048	32	139825.67	17772.06	35449.50
1	2	1170	1410	2048	32	138900.51	17731.89	45274.09
1	2	1410	210	2048	32	277794.87	31787.62	39173.55
1	2	1410	450	2048	32	195617.52	25308.30	34036.50
1	2	1410	690	2048	32	174665.41	23915.83	33565.86
1	2	1410	930	2048	32	149138.90	22319.60	33127.81
1	2	1410	1170	2048	32	140062.51	21987.37	35529.57
1	2	1410	1410	2048	32	138308.00	21743.70	45440.49
1	2	690	690	2048	64	238696.40	25945.06	45798.62
1	2	690	930	2048	64	214100.74	25150.67	47304.91
1	2	690	1170	2048	64	204532.55	25131.55	52148.78
1	2	690	1410	2048	64	202927.52	25038.23	67595.59
1	2	930	690	2048	64	238439.44	26015.45	45917.69
1	2	930	930	2048	64	213836.24	25263.22	47996.76
1	2	930	1170	2048	64	204248.61	25219.02	52448.08
1	2	930	1410	2048	64	202726.16	25160.52	67798.24
1	2	1170	690	2048	64	238404.01	27688.11	45906.09
1	2	1170	930	2048	64	213702.92	26934.66	47638.18
1	2	1170	1170	2048	64	204062.25	26778.41	52524.66
1	2	1170	1410	2048	64	203056.76	26755.06	67878.75
1	2	1410	690	2048	64	238293.87	33795.00	45786.84
1	2	1410	930	2048	64	213792.24	33145.72	47734.91
1	2	1410	1170	2048	64	204196.68	33080.40	52599.12
1	2	1410	1410	2048	64	202785.38	32821.75	68112.73
