tp_a	tp_f	M	f_A	f_F	input_len	batch_size	iter_lat_us	DA_energy_mj	DF_energy_mj
2	4	1	690	690	512	4	91855.81	15528.90	32264.20
2	4	1	690	1170	512	4	84451.71	14464.89	32439.16
2	4	1	690	1410	512	4	83639.69	14357.45	39095.12
2	4	1	1170	690	512	4	89196.94	16296.86	31473.74
2	4	1	1170	1170	512	4	82372.82	15205.77	31822.16
2	4	1	1170	1410	512	4	81720.76	15083.31	38390.16
2	4	1	1410	690	512	4	87729.58	19438.10	31075.79
2	4	1	1410	1170	512	4	82350.81	18402.43	31887.18
2	4	1	1410	1410	512	4	81301.66	18216.36	38355.39
2	4	1	690	690	512	32	116833.04	20277.01	41280.78
2	4	1	690	1170	512	32	110813.79	19345.28	42861.05
2	4	1	690	1410	512	32	109843.37	19226.05	51963.51
2	4	1	1170	690	512	32	114821.00	21575.62	40793.52
2	4	1	1170	1170	512	32	108122.40	20429.38	42116.91
2	4	1	1170	1410	512	32	107741.33	20538.58	51437.09
2	4	1	1410	690	512	32	114018.20	26024.48	40666.62
2	4	1	1410	1170	512	32	107099.29	24666.97	41722.62
2	4	1	1410	1410	512	32	107717.29	24891.79	51177.62
2	4	1	690	690	512	128	259944.33	45881.50	92385.69
2	4	1	690	1170	512	128	245467.82	43622.01	95507.57
2	4	1	690	1410	512	128	241400.77	43091.33	115694.44
2	4	1	1170	690	512	128	259799.41	49189.55	92599.67
2	4	1	1170	1170	512	128	236525.69	45592.14	92942.88
2	4	1	1170	1410	512	128	236637.68	45482.78	114271.57
2	4	1	1410	690	512	128	251596.47	58013.54	89866.72
2	4	1	1410	1170	512	128	241345.98	56310.27	94747.99
2	4	1	1410	1410	512	128	236785.38	55540.92	114607.12
2	4	1	690	690	2048	4	97648.40	16709.38	34383.51
2	4	1	690	1170	2048	4	90547.23	15618.33	34826.40
2	4	1	690	1410	2048	4	90176.46	15545.34	42453.99
2	4	1	1170	690	2048	4	95860.20	17598.91	33815.73
2	4	1	1170	1170	2048	4	89263.64	16497.76	34429.80
2	4	1	1170	1410	2048	4	88275.17	16363.34	41690.38
2	4	1	1410	690	2048	4	95049.74	21010.99	33544.00
2	4	1	1410	1170	2048	4	88171.99	19687.77	34124.27
2	4	1	1410	1410	2048	4	87791.12	19605.54	41407.84
2	4	1	690	690	2048	32	167529.89	29407.28	58549.73
2	4	1	690	1170	2048	32	161446.66	28635.19	61796.22
2	4	1	690	1410	2048	32	159042.01	28331.12	75041.03
2	4	1	1170	690	2048	32	164382.99	31056.19	58023.48
2	4	1	1170	1170	2048	32	157201.00	30015.86	60829.07
2	4	1	1170	1410	2048	32	156580.57	30036.67	74495.76
2	4	1	1410	690	2048	32	165125.46	37845.21	58404.80
2	4	1	1410	1170	2048	32	160305.67	37144.15	61967.55
2	4	1	1410	1410	2048	32	157143.90	36589.66	74727.22
2	4	1	690	690	2048	128	1659942.52	228613.78	427092.95
2	4	1	1170	1170	2048	128	359870.93	70808.03	138220.33
2	4	1	1170	1410	2048	128	359459.68	70707.86	169500.81
2	4	1	1410	690	2048	128	1650186.08	300466.55	426317.52
2	4	1	1410	1170	2048	128	360827.49	85805.35	138323.11
2	4	1	1410	1410	2048	128	358983.25	85640.91	169851.35
2	4	2	690	690	512	4	120064.59	21282.80	46111.65
2	4	2	690	1170	512	4	109466.62	19713.84	46237.64
2	4	2	690	1410	512	4	107710.30	19438.39	56103.98
2	4	2	1170	690	512	4	119466.61	22601.62	45965.22
2	4	2	1170	1170	512	4	107436.96	20652.27	45665.27
2	4	2	1170	1410	512	4	106330.63	20514.59	55783.40
2	4	2	1410	690	512	4	117955.30	27078.05	45621.71
2	4	2	1410	1170	512	4	107455.11	25029.62	45774.97
2	4	2	1410	1410	512	4	107342.98	25043.43	56116.40
2	4	2	690	690	512	32	149641.79	26883.69	56825.13
2	4	2	690	1170	512	32	136557.38	24869.24	57270.90
2	4	2	690	1410	512	32	135554.39	24645.90	69992.26
2	4	2	1170	690	512	32	147083.64	28311.20	56285.02
2	4	2	1170	1170	512	32	133299.72	26090.98	56389.71
2	4	2	1170	1410	512	32	131994.50	25915.91	69101.54
2	4	2	1410	690	512	32	145517.83	33868.82	55720.57
2	4	2	1410	1170	512	32	131677.64	31305.84	55878.63
2	4	2	1410	1410	512	32	131870.94	31400.41	69072.05
2	4	2	690	690	512	128	322976.15	58850.12	122638.48
2	4	2	690	1170	512	128	297038.79	54818.16	125050.57
2	4	2	690	1410	512	128	301904.04	55389.13	155836.56
2	4	2	1170	690	512	128	319254.07	62312.93	121849.16
2	4	2	1170	1170	512	128	296775.33	58607.50	124735.44
2	4	2	1170	1410	512	128	290886.97	57750.62	152128.24
2	4	2	1410	690	512	128	315647.63	75206.20	120889.77
2	4	2	1410	1170	512	128	289683.55	70323.03	123082.66
2	4	2	1410	1410	512	128	289134.08	70266.38	151764.74
2	4	2	690	690	2048	4	129995.20	23091.41	49416.48
2	4	2	690	1170	2048	4	116907.33	20923.09	49137.00
2	4	2	690	1410	2048	4	114796.09	20667.02	59594.49
2	4	2	1170	690	2048	4	126445.79	23997.60	48286.70
2	4	2	1170	1170	2048	4	114173.94	21857.30	48211.40
2	4	2	1170	1410	2048	4	114438.37	21981.27	59384.09
2	4	2	1410	690	2048	4	127257.37	29031.77	48583.84
2	4	2	1410	1170	2048	4	114860.47	26769.29	48477.61
2	4	2	1410	1410	2048	4	114278.52	26553.39	59338.28
2	4	2	690	690	2048	32	199191.63	36214.95	75106.45
2	4	2	690	1170	2048	32	185467.31	34176.18	77621.13
2	4	2	690	1410	2048	32	183980.77	33983.04	95052.45
2	4	2	1170	690	2048	32	196953.48	38286.21	74686.49
2	4	2	1170	1170	2048	32	185333.61	36512.06	77594.07
2	4	2	1170	1410	2048	32	184858.02	36343.44	95477.15
2	4	2	1410	690	2048	32	196860.78	46396.07	74627.44
2	4	2	1410	1170	2048	32	184695.46	44320.61	77140.88
2	4	2	1410	1410	2048	32	183934.07	44122.12	94984.91
2	4	2	1170	1170	2048	128	2587670.40	370148.24	696411.87
2	4	1	450	450	128	1	88279.16	14725.05	30846.88
2	4	1	450	690	128	1	82846.81	13919.31	29409.09
2	4	1	450	930	128	1	78049.82	13258.41	28621.41
2	4	1	450	1170	128	1	77092.52	13044.12	30063.96
2	4	1	450	1410	128	1	76272.63	12916.00	36174.03
2	4	1	690	450	128	1	87017.55	14645.82	30498.77
2	4	1	690	690	128	1	81706.21	13823.23	29178.16
2	4	1	690	930	128	1	77108.32	13173.55	28419.21
2	4	1	690	1170	128	1	75418.56	12896.02	29658.12
2	4	1	690	1410	128	1	74783.31	12845.45	35795.69
2	4	1	930	450	128	1	85336.85	14611.18	30114.72
2	4	1	930	690	128	1	79258.90	13710.41	28532.85
2	4	1	930	930	128	1	74532.62	13000.56	27588.85
2	4	1	930	1170	128	1	73740.00	12896.10	29111.31
2	4	1	930	1410	128	1	73272.97	12805.73	35302.16
2	4	1	1170	450	128	1	84463.58	15321.96	29785.65
2	4	1	1170	690	128	1	79311.37	14551.79	28662.14
2	4	1	1170	930	128	1	74222.77	13655.19	27518.98
2	4	1	1170	1170	128	1	73639.69	13613.41	29076.59
2	4	1	1170	1410	128	1	73451.09	13554.81	35138.13
2	4	1	1410	450	128	1	85181.02	18655.55	30023.42
2	4	1	1410	690	128	1	78723.86	17456.83	28308.17
2	4	1	1410	930	128	1	73852.49	16646.01	27424.46
2	4	1	1410	1170	128	1	72326.67	16187.19	28601.32
2	4	1	1410	1410	128	1	71615.65	16041.85	34756.65
2	4	1	450	450	128	4	93385.93	15628.50	32430.58
2	4	1	450	690	128	4	87050.83	14690.21	30820.17
2	4	1	450	930	128	4	82401.66	13975.73	29965.98
2	4	1	450	1170	128	4	80840.96	13739.78	31320.78
2	4	1	450	1410	128	4	79774.17	13550.76	37682.79
2	4	1	690	450	128	4	92517.91	15600.73	32134.90
2	4	1	690	690	128	4	86808.96	14770.97	30774.88
2	4	1	690	930	128	4	82135.43	14068.88	30031.00
2	4	1	690	1170	128	4	80354.58	13702.67	31206.23
2	4	1	690	1410	128	4	78997.21	13538.20	37366.29
2	4	1	930	450	128	4	90994.04	15660.92	31851.63
2	4	1	930	690	128	4	85479.38	14820.31	30415.06
2	4	1	930	930	128	4	81492.32	14213.08	29810.17
2	4	1	930	1170	128	4	79474.18	13827.48	30942.81
2	4	1	930	1410	128	4	77639.33	13591.91	36861.77
2	4	1	1170	450	128	4	90340.63	16438.34	31587.31
2	4	1	1170	690	128	4	85359.03	15647.97	30364.75
2	4	1	1170	930	128	4	79961.27	14670.06	29280.26
2	4	1	1170	1170	128	4	80177.15	14800.76	31061.17
2	4	1	1170	1410	128	4	77624.44	14367.03	36807.20
2	4	1	1410	450	128	4	91272.93	20079.92	31893.46
2	4	1	1410	690	128	4	85116.11	18862.18	30269.11
2	4	1	1410	930	128	4	79700.73	17789.73	29124.84
2	4	1	1410	1170	128	4	77722.77	17510.16	30274.95
2	4	1	1410	1410	128	4	77089.57	17345.23	36646.10
2	4	1	450	450	128	8	96699.71	16192.92	33467.73
2	4	1	450	690	128	8	90200.79	15201.24	31869.43
2	4	1	450	930	128	8	85366.52	14520.79	31034.20
2	4	1	450	1170	128	8	84584.38	14423.48	32729.80
2	4	1	450	1410	128	8	83560.47	14185.71	39265.45
2	4	1	690	450	128	8	94505.32	16038.06	32934.35
2	4	1	690	690	128	8	89304.60	15225.63	31668.03
2	4	1	690	930	128	8	84243.33	14475.48	30689.98
2	4	1	690	1170	128	8	83771.39	14352.28	32466.19
2	4	1	690	1410	128	8	81683.36	14035.43	38609.60
2	4	1	930	450	128	8	93181.63	16022.11	32578.72
2	4	1	930	690	128	8	88297.46	15379.49	31357.06
2	4	1	930	930	128	8	82915.84	14471.46	30374.70
2	4	1	930	1170	128	8	81338.51	14268.45	31589.90
2	4	1	930	1410	128	8	80333.91	14049.92	38191.90
2	4	1	1170	450	128	8	92755.69	16920.81	32469.84
2	4	1	1170	690	128	8	87366.26	16143.62	31099.59
2	4	1	1170	930	128	8	82315.29	15233.97	30160.62
2	4	1	1170	1170	128	8	79881.03	14858.88	31232.36
2	4	1	1170	1410	128	8	80199.89	14845.64	38031.13
2	4	1	1410	450	128	8	92209.11	20447.70	32217.29
2	4	1	1410	690	128	8	86961.45	19392.66	31056.84
2	4	1	1410	930	128	8	81207.07	18236.61	29850.39
2	4	1	1410	1170	128	8	80046.87	18020.16	31354.38
2	4	1	1410	1410	128	8	78897.41	17788.73	37591.50
2	4	1	450	450	128	16	100824.66	16988.41	35033.04
2	4	1	450	690	128	16	94401.26	15987.41	33312.93
2	4	1	450	930	128	16	89195.31	15193.37	32579.67
2	4	1	450	1170	128	16	91199.81	15602.62	35302.42
2	4	1	450	1410	128	16	87222.45	14967.79	41267.96
2	4	1	690	450	128	16	99298.54	16772.32	34670.03
2	4	1	690	690	128	16	92943.60	15851.66	32884.69
2	4	1	690	930	128	16	87872.38	15136.86	32167.87
2	4	1	690	1170	128	16	86553.13	14915.88	33662.63
2	4	1	690	1410	128	16	85363.41	14773.99	40541.17
2	4	1	930	450	128	16	97531.25	16838.79	34023.66
2	4	1	930	690	128	16	90724.97	15866.88	32403.77
2	4	1	930	930	128	16	86334.33	15177.81	31644.53
2	4	1	930	1170	128	16	84990.43	14997.55	33263.09
2	4	1	930	1410	128	16	84323.34	14840.30	40141.16
2	4	1	1170	450	128	16	97061.49	17826.97	33944.05
2	4	1	1170	690	128	16	90549.52	16667.38	32386.75
2	4	1	1170	930	128	16	85862.18	16066.38	31484.89
2	4	1	1170	1170	128	16	84727.19	15825.65	33065.46
2	4	1	1170	1410	128	16	83643.93	15617.74	39984.10
2	4	1	1410	450	128	16	96503.37	21405.44	33806.86
2	4	1	1410	690	128	16	89982.77	20210.99	32194.05
2	4	1	1410	930	128	16	84956.51	19244.37	31257.13
2	4	1	1410	1170	128	16	83445.80	19003.29	32600.15
2	4	1	1410	1410	128	16	82648.97	18775.64	39436.44
2	4	1	450	450	128	32	107721.92	18313.66	37305.45
2	4	1	450	690	128	32	102816.26	17537.52	36217.44
2	4	1	450	930	128	32	95608.42	16452.86	34727.26
2	4	1	450	1170	128	32	95396.57	16400.05	36941.30
2	4	1	450	1410	128	32	94921.78	16350.02	44996.41
2	4	1	690	450	128	32	104721.52	17921.23	36333.74
2	4	1	690	690	128	32	102086.07	17568.80	36163.30
2	4	1	690	930	128	32	94392.02	16443.16	34484.40
2	4	1	690	1170	128	32	93287.47	16207.75	36314.32
2	4	1	690	1410	128	32	93269.76	16275.63	44228.70
2	4	1	930	450	128	32	104079.64	18161.49	36190.62
2	4	1	930	690	128	32	98533.34	17359.98	35025.01
2	4	1	930	930	128	32	94174.33	16678.20	34347.31
2	4	1	930	1170	128	32	92067.26	16328.20	35759.70
2	4	1	930	1410	128	32	91118.55	16180.87	43431.02
2	4	1	1170	450	128	32	102712.69	19034.54	35742.55
2	4	1	1170	690	128	32	97650.16	18223.92	34884.74
2	4	1	1170	930	128	32	92993.25	17534.90	33905.55
2	4	1	1170	1170	128	32	91931.80	17283.24	35798.75
2	4	1	1170	1410	128	32	90669.21	17161.16	43169.71
2	4	1	1410	450	128	32	102023.50	23006.63	35738.90
2	4	1	1410	690	128	32	96991.27	22019.99	34587.15
2	4	1	1410	930	128	32	91979.00	21156.73	33717.02
2	4	1	1410	1170	128	32	93498.59	21528.70	36462.59
2	4	1	1410	1410	128	32	89696.34	20601.51	42677.79
2	4	1	450	450	128	64	120064.47	20559.92	41734.99
2	4	1	450	690	128	64	116468.75	20083.44	41246.30
2	4	1	450	930	128	64	111971.62	19353.63	40664.50
2	4	1	450	1170	128	64	113744.91	19535.23	43513.09
2	4	1	450	1410	128	64	109177.74	19008.93	52020.59
2	4	1	690	450	128	64	117473.42	20220.27	41083.30
2	4	1	690	690	128	64	116603.89	20339.10	41537.22
2	4	1	690	930	128	64	110488.47	19359.74	40466.95
2	4	1	690	1170	128	64	106667.31	18765.38	41675.24
2	4	1	690	1410	128	64	103630.31	18270.12	49622.75
2	4	1	930	450	128	64	116553.96	20468.16	40830.48
2	4	1	930	690	128	64	111948.33	19897.88	40022.10
2	4	1	930	930	128	64	105657.21	18976.44	38956.33
2	4	1	930	1170	128	64	104172.05	18691.91	40851.42
2	4	1	930	1410	128	64	101437.53	18273.68	49022.49
2	4	1	1170	450	128	64	118502.50	22169.82	41746.48
2	4	1	1170	690	128	64	110031.28	20764.14	39481.18
2	4	1	1170	930	128	64	110292.10	20644.71	40032.82
2	4	1	1170	1170	128	64	101193.47	19274.95	39855.83
2	4	1	1170	1410	128	64	101150.51	19306.85	48919.48
2	4	1	1410	450	128	64	115063.78	26251.99	40508.15
2	4	1	1410	690	128	64	109807.25	25270.95	39452.14
2	4	1	1410	930	128	64	103735.88	24072.30	38268.95
2	4	1	1410	1170	128	64	103778.07	24059.47	40927.84
2	4	1	1410	1410	128	64	101059.19	23414.46	49009.07
2	4	1	450	450	128	128	233793.19	40052.67	81215.80
2	4	1	450	690	128	128	224959.76	38788.61	79875.01
2	4	1	450	930	128	128	214172.82	37164.69	77994.83
2	4	1	450	1170	128	128	219825.93	37902.02	84442.17
2	4	1	450	1410	128	128	206067.88	35985.05	98392.52
2	4	1	690	450	128	128	229356.86	39683.29	80380.88
2	4	1	690	690	128	128	219406.85	38254.22	78294.91
2	4	1	690	930	128	128	210855.64	37049.03	77545.40
2	4	1	690	1170	128	128	204499.67	36060.02	80075.84
2	4	1	690	1410	128	128	201006.20	35551.16	97264.18
2	4	1	930	450	128	128	234224.18	40972.95	81607.48
2	4	1	930	690	128	128	217082.61	38548.41	77924.84
2	4	1	930	930	128	128	202767.17	36415.83	74843.16
2	4	1	930	1170	128	128	200367.02	36090.02	78778.52
2	4	1	930	1410	128	128	198142.28	35660.58	96330.15
2	4	1	1170	450	128	128	225133.00	42039.05	79450.59
2	4	1	1170	690	128	128	213256.43	40079.17	76591.95
2	4	1	1170	930	128	128	208201.47	39164.84	76209.38
2	4	1	1170	1170	128	128	200692.61	38200.07	79153.50
2	4	1	1170	1410	128	128	200576.58	38071.42	97055.87
2	4	1	1410	450	128	128	223671.02	50677.28	78857.77
2	4	1	1410	690	128	128	210517.65	48234.51	75832.45
2	4	1	1410	930	128	128	201927.22	46723.30	74953.08
2	4	1	1410	1170	128	128	199247.29	46227.54	78702.79
2	4	1	1410	1410	128	128	202469.07	46703.70	97850.52
2	4	1	450	450	128	256	461715.69	79134.59	160872.88
2	4	1	450	690	128	256	437666.32	75468.06	155637.38
2	4	1	450	930	128	256	415442.06	72200.85	151759.10
2	4	1	450	1170	128	256	412988.29	71728.34	160408.73
2	4	1	450	1410	128	256	400176.22	69903.33	192790.64
2	4	1	690	450	128	256	447645.04	77686.52	157380.33
2	4	1	690	690	128	256	431838.78	75120.94	153479.66
2	4	1	690	930	128	256	403934.39	71160.17	148903.66
2	4	1	690	1170	128	256	395587.84	69916.70	155329.77
2	4	1	690	1410	128	256	391786.48	69407.31	190546.59
2	4	1	930	450	128	256	448037.87	78945.33	157282.26
2	4	1	930	690	128	256	423018.12	75298.08	151563.45
2	4	1	930	930	128	256	393774.53	70913.29	145642.22
2	4	1	930	1170	128	256	387484.60	69802.97	152979.80
2	4	1	930	1410	128	256	389754.67	70180.39	189355.26
2	4	1	1170	450	128	256	437975.04	81850.73	154608.97
2	4	1	1170	690	128	256	411221.66	77547.91	147754.77
2	4	1	1170	930	128	256	393436.35	74716.32	145289.58
2	4	1	1170	1170	128	256	382430.58	73047.99	151362.85
2	4	1	1170	1410	128	256	377133.08	72373.24	185265.64
2	4	1	1410	450	128	256	432255.74	98456.71	153114.98
2	4	1	1410	690	128	256	417492.79	95479.48	149428.50
2	4	1	1410	930	128	256	392125.38	90900.35	145323.57
2	4	1	1410	1170	128	256	385341.01	89702.87	152486.89
2	4	1	1410	1410	128	256	374251.68	87491.80	184030.70
2	4	1	450	450	512	1	89173.88	14974.41	31164.07
2	4	1	450	690	512	1	83858.43	14081.92	29782.81
2	4	1	450	930	512	1	78038.41	13243.62	28583.09
2	4	1	450	1170	512	1	77005.68	13062.02	30089.52
2	4	1	450	1410	512	1	76431.82	13018.56	36538.24
2	4	1	690	450	512	1	87727.21	14814.34	30654.70
2	4	1	690	690	512	1	82775.10	14048.70	29568.60
2	4	1	690	930	512	1	77317.85	13229.67	28274.39
2	4	1	690	1170	512	1	76099.98	13107.76	29778.44
2	4	1	690	1410	512	1	75236.54	12925.88	36119.29
2	4	1	930	450	512	1	85880.82	14757.41	30129.77
2	4	1	930	690	512	1	81104.85	14015.65	29119.00
2	4	1	930	930	512	1	75673.26	13196.20	27833.13
2	4	1	930	1170	512	1	74572.05	13015.91	29356.70
2	4	1	930	1410	512	1	73647.59	12821.76	35488.27
2	4	1	1170	450	512	1	84874.71	15427.84	29866.58
2	4	1	1170	690	512	1	80355.56	14701.84	28895.91
2	4	1	1170	930	512	1	74522.07	13694.00	27570.09
2	4	1	1170	1170	512	1	73764.38	13658.66	29088.26
2	4	1	1170	1410	512	1	73420.34	13518.93	35300.84
2	4	1	1410	450	512	1	84858.61	18441.10	29799.71
2	4	1	1410	690	512	1	79886.72	17549.01	28721.02
2	4	1	1410	930	512	1	74845.92	16591.02	27719.19
2	4	1	1410	1170	512	1	73831.92	16372.88	29127.13
2	4	1	1410	1410	512	1	74159.86	16521.11	35647.10
2	4	1	450	450	512	4	96729.40	16163.12	33399.27
2	4	1	450	690	512	4	91688.98	15435.29	32193.70
2	4	1	450	930	512	4	84870.34	14385.17	30655.63
2	4	1	450	1170	512	4	83699.45	14289.21	32308.14
2	4	1	450	1410	512	4	83223.76	14200.12	39398.64
2	4	1	690	450	512	4	94927.68	16043.97	32885.32
2	4	1	690	930	512	4	84488.72	14445.20	30646.01
2	4	1	930	450	512	4	93266.93	16067.30	32404.33
2	4	1	930	690	512	4	87659.66	15210.33	31081.38
2	4	1	930	930	512	4	83443.75	14504.27	30317.98
2	4	1	930	1170	512	4	81460.35	14250.95	31639.99
2	4	1	930	1410	512	4	80491.09	13986.12	38129.26
2	4	1	1170	450	512	4	93645.41	17087.99	32543.12
2	4	1	1170	930	512	4	85884.60	15608.80	30841.67
2	4	1	1410	450	512	4	93140.96	20372.89	32402.16
2	4	1	1410	930	512	4	82282.61	18263.18	29954.18
2	4	1	450	450	512	8	101070.59	16936.84	34850.30
2	4	1	450	690	512	8	97921.93	16560.57	34458.70
2	4	1	450	930	512	8	89716.91	15341.68	32398.19
2	4	1	450	1170	512	8	87855.24	15009.94	33923.11
2	4	1	450	1410	512	8	86785.96	14774.23	40993.22
2	4	1	690	450	512	8	99192.34	16870.49	34379.15
2	4	1	690	690	512	8	93905.26	15993.84	33159.18
2	4	1	690	930	512	8	88200.85	15176.19	32005.13
2	4	1	690	1170	512	8	86597.56	14927.41	33547.64
2	4	1	690	1410	512	8	88594.34	15156.41	41512.33
2	4	1	930	450	512	8	97436.17	16809.94	33859.05
2	4	1	930	690	512	8	92298.51	16022.75	32648.83
2	4	1	930	930	512	8	86056.70	15058.09	31361.88
2	4	1	930	1170	512	8	85611.36	14986.75	33227.33
2	4	1	930	1410	512	8	84785.04	14860.85	40263.73
2	4	1	1170	450	512	8	96826.65	17691.55	33698.20
2	4	1	1170	690	512	8	92293.55	16932.91	32724.87
2	4	1	1170	930	512	8	85588.02	15828.35	31254.97
2	4	1	1170	1170	512	8	83871.15	15565.19	32687.05
2	4	1	1170	1410	512	8	84399.53	15654.70	40104.77
2	4	1	1410	450	512	8	96493.44	21216.92	33683.73
2	4	1	1410	690	512	8	91947.75	20331.44	32597.17
2	4	1	1410	930	512	8	86391.08	19246.57	31454.60
2	4	1	1410	1170	512	8	85192.29	19110.80	33147.46
2	4	1	1410	1410	512	8	83571.46	18659.47	39677.09
2	4	1	450	450	512	16	109448.40	18594.56	37887.38
2	4	1	450	690	512	16	103600.98	17662.48	36498.05
2	4	1	450	930	512	16	97457.37	16700.68	35296.21
2	4	1	450	1170	512	16	97032.61	16691.69	37480.75
2	4	1	450	1410	512	16	95351.46	16404.59	45161.94
2	4	1	690	450	512	16	111153.42	18949.66	38422.73
2	4	1	690	690	512	16	101925.88	17462.45	36031.25
2	4	1	690	930	512	16	96269.71	16639.67	34943.61
2	4	1	690	1170	512	16	94691.41	16481.77	36679.30
2	4	1	690	1410	512	16	93825.68	16304.30	44664.01
2	4	1	930	450	512	16	106054.06	18395.91	36914.33
2	4	1	930	690	512	16	100917.09	17602.72	35710.95
2	4	1	930	930	512	16	95029.27	16751.28	34641.41
2	4	1	930	1170	512	16	93647.34	16572.99	36490.22
2	4	1	930	1410	512	16	92568.41	16408.49	44206.34
2	4	1	1170	450	512	16	105351.63	19423.32	36641.62
2	4	1	1170	690	512	16	100134.80	18416.99	35543.58
2	4	1	1170	930	512	16	94339.55	17553.49	34541.07
2	4	1	1170	1170	512	16	92059.13	17299.68	35967.99
2	4	1	1170	1410	512	16	91729.94	17090.45	43855.68
2	4	1	1410	450	512	16	104316.00	23224.44	36490.58
2	4	1	1410	690	512	16	101699.76	22755.75	36182.34
2	4	1	1410	930	512	16	92704.65	20889.20	33968.04
2	4	1	1410	1170	512	16	92498.11	20921.50	36085.57
2	4	1	1410	1410	512	16	90555.18	20637.99	43425.36
2	4	1	450	450	512	32	123900.54	21104.12	42703.47
2	4	1	450	690	512	32	117249.13	20116.33	41165.83
2	4	1	450	930	512	32	113976.74	19667.86	41119.10
2	4	1	450	1170	512	32	112075.12	19430.74	43195.68
2	4	1	450	1410	512	32	111876.52	19362.91	52752.41
2	4	1	690	450	512	32	121497.10	20973.68	42129.90
2	4	1	690	930	512	32	111907.46	19478.17	40646.63
2	4	1	930	450	512	32	119443.44	20946.84	41534.54
2	4	1	930	690	512	32	114958.54	20294.60	40589.23
2	4	1	930	930	512	32	109528.31	19520.66	39970.95
2	4	1	930	1170	512	32	108522.20	19396.63	42183.64
2	4	1	930	1410	512	32	106009.29	19003.73	50624.18
2	4	1	1170	450	512	32	121658.43	22582.20	42365.97
2	4	1	1170	930	512	32	109568.00	20620.27	40089.52
2	4	1	1410	450	512	32	118223.23	26542.21	41067.73
2	4	1	1410	930	512	32	108312.61	24846.08	39554.12
2	4	1	450	450	512	64	151539.65	26161.70	52152.33
2	4	1	450	690	512	64	146493.71	25234.04	51169.66
2	4	1	450	930	512	64	139356.62	24311.08	50135.59
2	4	1	450	1170	512	64	138283.90	24052.37	53193.09
2	4	1	450	1410	512	64	136888.94	23974.12	64818.84
2	4	1	690	450	512	64	146988.31	25522.22	50855.06
2	4	1	690	690	512	64	143645.66	25153.80	50617.84
2	4	1	690	930	512	64	135524.12	23907.29	49327.59
2	4	1	690	1170	512	64	133006.37	23561.95	51694.56
2	4	1	690	1410	512	64	131985.28	23411.84	63207.99
2	4	1	930	450	512	64	144675.64	25584.67	50402.09
2	4	1	930	690	512	64	139230.58	24941.92	49464.06
2	4	1	930	930	512	64	132868.34	23912.98	48570.67
2	4	1	930	1170	512	64	131406.88	23655.93	51222.64
2	4	1	930	1410	512	64	133935.11	23877.30	63157.00
2	4	1	1170	450	512	64	145149.71	27171.91	50673.22
2	4	1	1170	690	512	64	137568.18	25943.00	48892.44
2	4	1	1170	930	512	64	131909.46	25106.64	48283.45
2	4	1	1170	1170	512	64	130953.37	24982.27	51163.23
2	4	1	1170	1410	512	64	129960.13	24833.77	62304.93
2	4	1	1410	450	512	64	141863.95	32295.27	49586.91
2	4	1	1410	690	512	64	138063.18	31695.07	49073.07
2	4	1	1410	930	512	64	131110.35	30467.95	48054.65
2	4	1	1410	1170	512	64	131597.35	30614.91	51431.91
2	4	1	1410	1410	512	64	127419.67	29795.76	61593.53
2	4	1	450	450	512	128	278363.54	48042.24	95965.48
2	4	1	450	690	512	128	266414.22	46224.38	93570.27
2	4	1	450	930	512	128	254414.13	44400.43	91905.62
2	4	1	450	1170	512	128	258599.75	44917.52	98961.85
2	4	1	450	1410	512	128	250353.12	43944.81	119144.29
2	4	1	690	450	512	128	269571.14	47066.54	93764.02
2	4	1	690	930	512	128	246400.31	43784.20	90122.48
2	4	1	930	450	512	128	263704.60	46915.31	92103.69
2	4	1	930	690	512	128	255452.70	45755.36	90435.44
2	4	1	930	930	512	128	242089.34	43759.66	88756.62
2	4	1	930	1170	512	128	238831.25	43329.67	93370.31
2	4	1	930	1410	512	128	241012.73	43457.58	115313.42
2	4	1	1170	450	512	128	263889.04	49646.26	92340.22
2	4	1	1170	930	512	128	239788.74	45931.49	88070.53
2	4	1	1410	450	512	128	262015.93	59960.86	91733.14
2	4	1	1410	930	512	128	239977.33	56005.79	88160.67
2	4	1	450	450	512	256	518310.31	89728.63	178580.77
2	4	1	450	690	512	256	505141.05	87667.52	176962.45
2	4	1	450	930	512	256	476068.54	83319.06	171697.49
2	4	1	450	1170	512	256	473650.29	83105.89	182745.17
2	4	1	450	1410	512	256	466392.15	82043.60	222173.18
2	4	1	690	450	512	256	508532.80	88814.21	176622.15
2	4	1	690	690	512	256	484851.81	85442.65	171451.98
2	4	1	690	930	512	256	458130.89	81505.68	167049.39
2	4	1	690	1170	512	256	448225.89	79973.51	174719.56
2	4	1	690	1410	512	256	446193.86	80014.18	215356.08
2	4	1	930	450	512	256	497396.17	88609.55	173516.55
2	4	1	930	690	512	256	471896.50	85017.29	168318.46
2	4	1	930	930	512	256	444291.43	80888.22	163394.85
2	4	1	930	1170	512	256	439306.44	80151.31	172505.28
2	4	1	930	1410	512	256	442544.52	80508.74	213507.92
2	4	1	1170	450	512	256	489183.37	92506.20	171519.45
2	4	1	1170	690	512	256	473889.03	90204.64	168779.66
2	4	1	1170	930	512	256	448399.81	86309.51	164662.77
2	4	1	1170	1170	512	256	444207.19	85549.77	173399.78
2	4	1	1170	1410	512	256	443690.31	85722.73	214869.70
2	4	1	1410	450	512	256	491223.35	112958.50	172471.05
2	4	1	1410	690	512	256	468065.86	108577.58	167075.24
2	4	1	1410	930	512	256	446792.35	104583.25	163604.27
2	4	1	1410	1170	512	256	448300.48	105486.30	176098.52
2	4	1	1410	1410	512	256	433880.21	102232.09	210756.31
2	4	1	450	450	1024	1	89636.78	14970.59	31212.57
2	4	1	450	690	1024	1	85282.43	14372.39	30204.65
2	4	1	450	930	1024	1	80118.71	13537.88	29161.52
2	4	1	450	1170	1024	1	78789.81	13288.24	30623.08
2	4	1	450	1410	1024	1	77837.05	13287.58	36966.78
2	4	1	690	450	1024	1	88006.01	14811.72	30655.47
2	4	1	690	690	1024	1	83353.02	14117.91	29598.05
2	4	1	690	930	1024	1	78462.57	13397.38	28622.81
2	4	1	690	1170	1024	1	77332.61	13160.97	30215.08
2	4	1	690	1410	1024	1	76591.35	13145.32	36393.27
2	4	1	930	450	1024	1	87618.35	14973.64	30603.79
2	4	1	930	690	1024	1	82876.39	14329.59	29504.29
2	4	1	930	930	1024	1	77546.04	13484.11	28350.47
2	4	1	930	1170	1024	1	76046.02	13181.03	29745.18
2	4	1	930	1410	1024	1	75154.07	13127.31	35917.93
2	4	1	1170	450	1024	1	86148.74	15549.18	30216.45
2	4	1	1170	690	1024	1	81402.88	14773.94	29153.55
2	4	1	1170	930	1024	1	76930.21	14068.34	28196.48
2	4	1	1170	1170	1024	1	75192.29	13827.79	29374.33
2	4	1	1170	1410	1024	1	74433.32	13718.71	35725.67
2	4	1	1410	450	1024	1	85769.26	18617.23	30152.16
2	4	1	1410	690	1024	1	81252.80	17868.88	29003.73
2	4	1	1410	930	1024	1	76300.85	16833.19	27936.77
2	4	1	1410	1170	1024	1	75295.51	16698.78	29518.39
2	4	1	1410	1410	1024	1	74644.23	16552.12	35726.24
2	4	1	450	450	1024	4	99642.47	16691.12	34231.20
2	4	1	450	690	1024	4	93696.08	15782.48	32935.27
2	4	1	450	930	1024	4	88950.21	15151.91	31997.76
2	4	1	450	1170	1024	4	86935.11	14746.44	33511.50
2	4	1	450	1410	1024	4	85956.57	14674.79	40150.34
2	4	1	690	450	1024	4	97706.64	16502.63	33838.26
2	4	1	690	690	1024	4	91864.85	15691.80	32264.88
2	4	1	690	930	1024	4	86889.48	14889.18	31537.69
2	4	1	690	1170	1024	4	84880.76	14544.47	32788.15
2	4	1	690	1410	1024	4	83951.64	14448.41	39595.24
2	4	1	930	450	1024	4	96187.93	16551.51	33361.94
2	4	1	930	690	1024	4	90045.32	15622.87	31778.57
2	4	1	930	930	1024	4	85608.52	14925.63	31066.08
2	4	1	930	1170	1024	4	86024.54	15023.18	33266.68
2	4	1	930	1410	1024	4	82847.94	14504.55	39220.21
2	4	1	1170	450	1024	4	95128.42	17269.27	33047.81
2	4	1	1170	690	1024	4	89996.12	16506.92	31854.00
2	4	1	1170	930	1024	4	84247.63	15499.88	30666.20
2	4	1	1170	1170	1024	4	82687.96	15311.59	32082.84
2	4	1	1170	1410	1024	4	82041.88	15214.65	38921.52
2	4	1	1410	450	1024	4	94955.17	20791.98	33064.15
2	4	1	1410	690	1024	4	89244.00	19635.45	31623.62
2	4	1	1410	930	1024	4	84206.18	18820.59	30613.46
2	4	1	1410	1170	1024	4	83250.33	18616.06	32217.70
2	4	1	1410	1410	1024	4	81557.47	18252.16	38747.38
2	4	1	450	450	1024	8	106074.29	17877.34	36554.39
2	4	1	450	690	1024	8	99332.13	16861.34	34977.78
2	4	1	450	930	1024	8	94346.82	16182.46	34081.38
2	4	1	450	1170	1024	8	92681.73	15880.48	35728.77
2	4	1	450	1410	1024	8	91659.30	15766.33	43326.38
2	4	1	690	450	1024	8	109938.61	18464.30	37428.42
2	4	1	690	690	1024	8	98609.76	16869.52	34854.21
2	4	1	690	930	1024	8	93058.59	16076.34	33768.06
2	4	1	690	1170	1024	8	92585.57	16000.27	35737.51
2	4	1	690	1410	1024	8	89631.36	15514.86	42709.55
2	4	1	930	450	1024	8	102052.52	17690.84	35589.55
2	4	1	930	690	1024	8	98368.16	17159.04	34720.45
2	4	1	930	930	1024	8	92461.63	16205.91	33690.97
2	4	1	930	1170	1024	8	90469.82	15945.55	34977.87
2	4	1	930	1410	1024	8	89661.55	15816.92	42456.75
2	4	1	1170	450	1024	8	102449.13	18688.61	35677.38
2	4	1	1170	690	1024	8	97219.04	17931.81	34460.52
2	4	1	1170	930	1024	8	90662.72	16850.30	32941.52
2	4	1	1170	1170	1024	8	88605.51	16513.23	34518.51
2	4	1	1170	1410	1024	8	89303.36	16664.65	42422.38
2	4	1	1410	450	1024	8	102616.65	22638.16	35689.12
2	4	1	1410	690	1024	8	97598.99	21600.30	34603.34
2	4	1	1410	930	1024	8	91290.33	20560.20	33170.74
2	4	1	1410	1170	1024	8	89487.78	20083.66	34728.13
2	4	1	1410	1410	1024	8	92390.05	20563.73	43457.86
2	4	1	450	450	1024	16	120793.65	20517.76	41575.66
2	4	1	450	690	1024	16	114961.51	19716.10	40339.29
2	4	1	450	930	1024	16	108285.30	18672.78	39143.28
2	4	1	450	1170	1024	16	108066.93	18537.05	41638.00
2	4	1	450	1410	1024	16	106639.99	18418.84	50368.37
2	4	1	690	450	1024	16	118831.96	20430.88	41170.52
2	4	1	690	690	1024	16	112866.67	19425.30	39798.50
2	4	1	690	930	1024	16	106569.00	18569.32	38819.13
2	4	1	690	1170	1024	16	104959.48	18373.86	40684.50
2	4	1	690	1410	1024	16	103754.82	18119.89	49456.34
2	4	1	930	450	1024	16	116948.92	20388.59	40699.43
2	4	1	930	690	1024	16	110634.30	19432.34	39220.13
2	4	1	930	930	1024	16	105571.41	18767.90	38483.23
2	4	1	930	1170	1024	16	104515.94	18626.11	40598.77
2	4	1	930	1410	1024	16	103183.04	18279.45	49156.48
2	4	1	1170	450	1024	16	116676.40	21576.59	40699.62
2	4	1	1170	690	1024	16	111006.06	20566.46	39313.04
2	4	1	1170	930	1024	16	107522.04	20167.70	39261.85
2	4	1	1170	1170	1024	16	103863.79	19503.89	40422.68
2	4	1	1170	1410	1024	16	101895.64	19145.92	48672.44
2	4	1	1410	450	1024	16	115287.99	25686.27	40227.96
2	4	1	1410	690	1024	16	109753.41	24687.75	39049.23
2	4	1	1410	930	1024	16	103917.61	23579.71	38013.76
2	4	1	1410	1170	1024	16	102138.11	23229.38	39953.43
2	4	1	1410	1410	1024	16	101528.20	23177.69	48704.89
2	4	1	450	450	1024	32	141717.11	24317.33	48628.84
2	4	1	450	690	1024	32	136860.77	23622.30	47853.83
2	4	1	450	930	1024	32	131552.69	22814.45	47292.68
2	4	1	450	1170	1024	32	129379.66	22537.86	49489.76
2	4	1	450	1410	1024	32	128481.85	22420.96	60435.12
2	4	1	690	450	1024	32	137825.27	23971.99	47675.58
2	4	1	690	690	1024	32	133046.04	23224.59	46803.20
2	4	1	690	930	1024	32	126986.77	22326.75	46020.05
2	4	1	690	1170	1024	32	125869.80	22221.10	48676.30
2	4	1	690	1410	1024	32	125343.21	22196.59	59429.74
2	4	1	930	450	1024	32	135507.43	23937.38	47040.42
2	4	1	930	690	1024	32	134087.78	23813.53	47333.01
2	4	1	930	930	1024	32	125748.55	22598.75	45801.48
2	4	1	930	1170	1024	32	124103.06	22306.16	48187.42
2	4	1	930	1410	1024	32	123757.07	22217.00	58854.80
2	4	1	1170	450	1024	32	135320.70	25305.47	47048.33
2	4	1	1170	690	1024	32	129883.42	24416.26	46019.27
2	4	1	1170	930	1024	32	124899.35	23690.26	45559.77
2	4	1	1170	1170	1024	32	123661.90	23600.37	48005.73
2	4	1	1170	1410	1024	32	123202.19	23484.98	58785.52
2	4	1	1410	450	1024	32	134895.35	30517.23	46947.63
2	4	1	1410	690	1024	32	130463.36	29753.16	46180.95
2	4	1	1410	930	1024	32	124742.69	28730.91	45471.34
2	4	1	1410	1170	1024	32	123421.50	28406.87	47982.75
2	4	1	1410	1410	1024	32	121743.68	28196.54	58241.14
2	4	1	450	450	1024	64	186459.51	32286.88	63795.72
2	4	1	450	690	1024	64	179069.67	31152.13	62317.07
2	4	1	450	930	1024	64	172044.38	30277.42	61560.88
2	4	1	450	1170	1024	64	174783.23	30329.80	65871.53
2	4	1	450	1410	1024	64	170079.11	29934.79	79888.54
2	4	1	690	450	1024	64	178903.27	31324.37	61713.77
2	4	1	690	690	1024	64	173574.51	30572.30	60938.17
2	4	1	690	930	1024	64	167132.86	29733.33	60328.82
2	4	1	690	1170	1024	64	165850.01	29546.41	64105.88
2	4	1	690	1410	1024	64	164688.94	29434.91	78252.47
2	4	1	930	450	1024	64	175885.35	31400.38	61085.04
2	4	1	930	690	1024	64	170709.22	30660.59	60111.91
2	4	1	930	930	1024	64	163535.13	29750.83	59510.80
2	4	1	930	1170	1024	64	162635.55	29600.41	63142.74
2	4	1	930	1410	1024	64	161090.43	29349.78	76911.14
2	4	1	1170	450	1024	64	174556.14	33020.09	60676.57
2	4	1	1170	690	1024	64	169652.55	32193.80	60063.09
2	4	1	1170	930	1024	64	163760.88	31417.09	59651.24
2	4	1	1170	1170	1024	64	161999.69	31176.80	62964.88
2	4	1	1170	1410	1024	64	160795.43	31013.02	76869.07
2	4	1	1410	450	1024	64	175425.39	40188.00	60962.70
2	4	1	1410	690	1024	64	169055.93	39173.62	59754.43
2	4	1	1410	930	1024	64	163163.99	38152.31	59463.18
2	4	1	1410	1170	1024	64	160592.76	37636.53	62576.18
2	4	1	1410	1410	1024	64	160054.39	37596.34	76725.55
2	4	1	450	450	1024	128	327819.97	56699.80	111144.16
2	4	1	450	690	1024	128	307643.62	53816.41	106832.93
2	4	1	450	930	1024	128	298490.00	52562.96	106658.29
2	4	1	450	1170	1024	128	292500.68	51658.99	111700.88
2	4	1	450	1410	1024	128	289933.74	51341.41	136330.14
2	4	1	690	450	1024	128	308785.59	54370.91	106407.77
2	4	1	690	690	1024	128	297034.08	52676.62	103999.98
2	4	1	690	930	1024	128	285932.20	51235.90	103209.23
2	4	1	690	1170	1024	128	282681.01	50797.71	108936.09
2	4	1	690	1410	1024	128	286502.76	51161.59	135087.88
2	4	1	930	450	1024	128	300323.81	54044.81	104240.38
2	4	1	930	690	1024	128	293446.37	53172.44	103585.03
2	4	1	930	930	1024	128	278481.63	50929.44	101200.54
2	4	1	930	1170	1024	128	274192.39	50302.14	106524.62
2	4	1	930	1410	1024	128	277333.44	50941.94	132674.30
2	4	1	1170	450	1024	128	298800.27	56899.42	103963.96
2	4	1	1170	690	1024	128	289506.37	55565.48	102490.47
2	4	1	1170	930	1024	128	277063.72	53794.67	101031.20
2	4	1	1170	1170	1024	128	274326.01	53229.06	106702.01
2	4	1	1170	1410	1024	128	274430.71	53062.59	130435.53
2	4	1	1410	450	1024	128	299882.68	69415.54	104272.28
2	4	1	1410	690	1024	128	287969.90	67372.84	101927.80
2	4	1	1410	930	1024	128	275396.59	65104.80	100362.50
2	4	1	1410	1170	1024	128	272800.87	64670.36	106329.60
2	4	1	1410	1410	1024	128	269628.94	63994.70	129477.71
2	4	1	930	930	1024	256	503302.10	92653.55	183301.68
2	4	1	930	1170	1024	256	491021.88	90720.43	190938.27
2	4	1	930	1410	1024	256	497328.32	91289.05	237111.27
2	4	1	1170	930	1024	256	498142.38	96972.12	181933.72
2	4	1	1170	1170	1024	256	490430.94	95839.17	190593.48
2	4	1	1170	1410	1024	256	486245.98	95210.16	233628.70
2	4	1	1410	930	1024	256	506139.42	119632.09	183891.27
2	4	1	1410	1170	1024	256	490833.05	116846.16	190986.10
2	4	1	1410	1410	1024	256	485072.58	115800.81	233688.69
2	4	1	450	450	2048	1	90906.15	15219.19	31564.86
2	4	1	450	690	2048	1	86709.96	14494.47	30510.80
2	4	1	450	930	2048	1	81346.14	13757.49	29468.27
2	4	1	450	1170	2048	1	79989.92	13538.37	30924.25
2	4	1	450	1410	2048	1	79473.74	13410.75	37537.84
2	4	1	690	450	2048	1	89615.42	15110.85	31160.82
2	4	1	690	690	2048	1	85276.27	14413.47	30050.89
2	4	1	690	930	2048	1	80396.36	13688.41	29169.13
2	4	1	690	1170	2048	1	78351.24	13407.09	30426.03
2	4	1	690	1410	2048	1	77220.80	13171.68	36763.45
2	4	1	930	450	2048	1	88932.85	15227.03	30949.05
2	4	1	930	690	2048	1	84046.69	14453.83	29790.25
2	4	1	930	930	2048	1	78428.54	13609.67	28604.94
2	4	1	930	1170	2048	1	76691.96	13314.35	29922.98
2	4	1	930	1410	2048	1	76807.17	13371.41	36611.95
2	4	1	1170	450	2048	1	87720.64	15918.20	30630.84
2	4	1	1170	690	2048	1	83752.83	15284.61	29669.12
2	4	1	1170	930	2048	1	77834.01	14272.80	28494.90
2	4	1	1170	1170	2048	1	76517.38	14079.24	29859.97
2	4	1	1170	1410	2048	1	75762.33	13939.13	36229.33
2	4	1	1410	450	2048	1	87723.06	19105.21	30506.94
2	4	1	1410	690	2048	1	82484.85	18044.17	29356.45
2	4	1	1410	930	2048	1	77143.62	16997.72	28338.89
2	4	1	1410	1170	2048	1	75036.11	16690.71	29346.47
2	4	1	1410	1410	2048	1	74801.31	16550.40	35858.81
2	4	1	450	450	2048	4	103883.15	17514.65	35675.75
2	4	1	450	690	2048	4	98518.26	16629.59	34467.69
2	4	1	450	930	2048	4	93418.88	15945.17	33522.58
2	4	1	450	1170	2048	4	92302.00	15774.31	35368.95
2	4	1	450	1410	2048	4	90540.09	15461.73	42505.90
2	4	1	690	450	2048	4	102608.86	17345.73	35265.41
2	4	1	690	930	2048	4	94089.72	16122.26	33783.52
2	4	1	930	450	2048	4	101994.59	17566.02	35083.18
2	4	1	930	690	2048	4	96160.24	16734.84	34073.60
2	4	1	930	930	2048	4	90392.61	15834.77	32677.86
2	4	1	930	1170	2048	4	88160.20	15481.91	33994.60
2	4	1	930	1410	2048	4	88176.39	15484.10	41633.89
2	4	1	1170	450	2048	4	100569.38	18343.34	34876.17
2	4	1	1170	930	2048	4	90621.74	16705.62	32833.05
2	4	1	1410	450	2048	4	100483.65	22260.59	34868.53
2	4	1	1410	930	2048	4	89384.64	19903.12	32405.92
2	4	1	450	450	2048	8	117145.98	19848.45	40166.88
2	4	1	450	690	2048	8	111183.52	18967.36	38948.16
2	4	1	450	930	2048	8	106900.36	18288.79	38378.98
2	4	1	450	1170	2048	8	105180.56	18039.24	40290.80
2	4	1	450	1410	2048	8	103452.05	17816.60	48583.73
2	4	1	690	450	2048	8	115033.56	19631.88	39761.51
2	4	1	690	690	2048	8	109416.81	18809.80	38441.85
2	4	1	690	930	2048	8	103970.24	18031.26	37681.11
2	4	1	690	1170	2048	8	102112.74	17722.65	39396.28
2	4	1	690	1410	2048	8	101760.96	17728.12	48071.88
2	4	1	930	450	2048	8	113639.99	19787.19	39385.95
2	4	1	930	690	2048	8	107984.35	18900.46	38150.25
2	4	1	930	930	2048	8	104193.09	18363.17	37715.60
2	4	1	930	1170	2048	8	101056.81	17823.36	39091.48
2	4	1	930	1410	2048	8	101807.22	18007.66	47824.16
2	4	1	1170	450	2048	8	113769.66	20886.98	39500.06
2	4	1	1170	690	2048	8	108254.97	20034.47	38124.52
2	4	1	1170	930	2048	8	102564.91	19146.61	37201.95
2	4	1	1170	1170	2048	8	101722.90	18998.58	39394.74
2	4	1	1170	1410	2048	8	100530.93	18782.04	47824.48
2	4	1	1410	450	2048	8	113283.33	25120.73	39235.55
2	4	1	1410	690	2048	8	107939.86	24105.97	38208.41
2	4	1	1410	930	2048	8	102862.42	23134.20	37418.92
2	4	1	1410	1170	2048	8	100828.56	22777.16	38953.23
2	4	1	1410	1410	2048	8	99704.63	22548.86	47175.79
2	4	1	450	450	2048	16	137813.31	23608.71	47448.58
2	4	1	450	690	2048	16	132632.59	22805.93	46396.84
2	4	1	450	930	2048	16	126116.61	21880.75	45394.02
2	4	1	450	1170	2048	16	125287.29	21705.98	48012.55
2	4	1	450	1410	2048	16	127566.67	22153.22	59981.78
2	4	1	690	450	2048	16	136371.58	23433.47	47029.89
2	4	1	690	690	2048	16	130935.73	22629.80	45895.51
2	4	1	690	930	2048	16	123393.56	21682.10	44559.31
2	4	1	690	1170	2048	16	121388.62	21362.25	46929.91
2	4	1	690	1410	2048	16	120404.61	21180.98	57034.52
2	4	1	930	450	2048	16	132957.64	23291.94	46120.07
2	4	1	930	690	2048	16	129209.41	22809.78	45356.19
2	4	1	930	930	2048	16	122618.43	21802.74	44513.85
2	4	1	930	1170	2048	16	120265.21	21430.96	46452.60
2	4	1	930	1410	2048	16	120687.28	21563.12	57131.36
2	4	1	1170	450	2048	16	133001.45	24769.45	46211.66
2	4	1	1170	690	2048	16	126388.23	23655.66	44767.39
2	4	1	1170	930	2048	16	121095.68	22798.77	44134.45
2	4	1	1170	1170	2048	16	120803.95	22785.05	46755.88
2	4	1	1170	1410	2048	16	119729.75	22545.78	56858.20
2	4	1	1410	450	2048	16	132834.03	29885.17	46197.16
2	4	1	1410	690	2048	16	126798.40	28673.38	44877.04
2	4	1	1410	930	2048	16	120717.94	27590.49	43920.43
2	4	1	1410	1170	2048	16	120073.71	27490.29	46609.02
2	4	1	1410	1410	2048	16	120302.98	27580.59	57175.48
2	4	1	450	450	2048	32	178136.42	30777.52	60617.04
2	4	1	450	690	2048	32	173366.51	30064.15	60078.45
2	4	1	450	930	2048	32	167047.43	29215.20	59470.13
2	4	1	450	1170	2048	32	168075.66	29464.69	63987.41
2	4	1	450	1410	2048	32	164236.43	28768.97	76518.77
2	4	1	690	450	2048	32	173529.96	30328.53	59611.34
2	4	1	690	930	2048	32	162406.69	28785.36	58393.70
2	4	1	930	450	2048	32	170495.10	30364.67	58776.95
2	4	1	930	690	2048	32	165211.29	29566.88	57883.20
2	4	1	930	930	2048	32	159754.31	28773.94	57647.87
2	4	1	930	1170	2048	32	158180.29	28616.14	60983.16
2	4	1	930	1410	2048	32	157984.09	28569.30	74687.77
2	4	1	1170	450	2048	32	170039.67	32037.69	58835.72
2	4	1	1170	930	2048	32	159138.25	30443.23	57685.35
2	4	1	1410	450	2048	32	169483.91	38683.91	58574.64
2	4	1	1410	930	2048	32	157776.73	36608.88	57149.79
2	4	1	450	450	2048	64	250222.63	43677.35	84466.69
2	4	1	450	690	2048	64	243646.76	42614.14	83981.28
2	4	1	450	930	2048	64	237467.34	41897.52	84234.11
2	4	1	450	1170	2048	64	236776.24	41877.10	89606.52
2	4	1	450	1410	2048	64	235747.71	41679.79	109401.62
2	4	1	690	450	2048	64	245602.09	43305.80	83713.24
2	4	1	690	690	2048	64	239384.36	42496.55	83124.28
2	4	1	690	930	2048	64	232958.15	41648.60	83064.36
2	4	1	690	1170	2048	64	236454.76	41916.92	88962.65
2	4	1	690	1410	2048	64	231958.75	41616.01	108678.43
2	4	1	930	450	2048	64	242499.54	43530.55	83168.71
2	4	1	930	690	2048	64	236312.18	42823.74	82476.19
2	4	1	930	930	2048	64	230288.87	41988.69	82974.23
2	4	1	930	1170	2048	64	228711.38	41794.77	87792.73
2	4	1	930	1410	2048	64	228468.04	41790.93	107839.69
2	4	1	1170	450	2048	64	239582.23	45753.75	82546.82
2	4	1	1170	690	2048	64	235809.93	45193.16	82495.13
2	4	1	1170	930	2048	64	227810.04	44106.42	82361.06
2	4	1	1170	1170	2048	64	227301.96	44073.92	87389.62
2	4	1	1170	1410	2048	64	226022.18	43802.84	107068.16
2	4	1	1410	450	2048	64	240373.43	55472.94	82865.14
2	4	1	1410	690	2048	64	233835.85	54464.07	81904.01
2	4	1	1410	930	2048	64	228004.14	53718.73	82226.04
2	4	1	1410	1170	2048	64	229310.51	54090.36	88239.12
2	4	1	1410	1410	2048	64	224969.24	53221.05	106622.12
2	4	1	930	930	2048	128	369952.40	68436.55	133137.84
2	4	1	930	1170	2048	128	399595.90	73720.85	153489.49
2	4	1	930	1410	2048	128	399843.54	73734.91	189090.33
2	4	1	1170	930	2048	128	395851.47	77057.31	142901.50
2	4	1	1410	930	2048	128	363241.64	85867.20	129649.23
2	4	1	450	450	4096	1	93974.32	15661.71	32218.66
2	4	1	450	690	4096	1	89520.51	14935.74	31191.43
2	4	1	450	930	4096	1	84165.29	14214.26	30248.24
2	4	1	450	1170	4096	1	82548.51	13880.51	31576.27
2	4	1	450	1410	4096	1	83432.75	13984.77	38860.29
2	4	1	690	450	4096	1	92681.34	15514.54	31822.91
2	4	1	690	690	4096	1	88410.04	14935.07	30970.13
2	4	1	690	930	4096	1	84167.76	14213.92	30113.63
2	4	1	690	1170	4096	1	82238.49	13986.52	31506.82
2	4	1	690	1410	4096	1	82091.27	13997.70	38436.19
2	4	1	930	450	4096	1	92231.88	15755.72	31741.02
2	4	1	930	690	4096	1	88193.38	15053.20	30929.53
2	4	1	930	930	4096	1	81982.47	14206.03	29466.73
2	4	1	930	1170	4096	1	81694.45	14091.93	31258.79
2	4	1	930	1410	4096	1	80947.35	13969.72	38191.79
2	4	1	1170	450	4096	1	92667.79	16634.08	31984.92
2	4	1	1170	690	4096	1	87607.63	15891.87	30664.88
2	4	1	1170	930	4096	1	82338.39	14995.51	29651.84
2	4	1	1170	1170	4096	1	79882.53	14491.92	30767.06
2	4	1	1170	1410	4096	1	80682.43	14742.81	37975.69
2	4	1	1410	450	4096	1	92264.31	20029.08	31826.92
2	4	1	1410	690	4096	1	86701.64	18836.09	30444.45
2	4	1	1410	930	4096	1	81701.36	18106.65	29423.26
2	4	1	1410	1170	4096	1	81357.66	17932.18	31304.46
2	4	1	1410	1410	4096	1	80325.74	17808.49	37911.45
2	4	1	450	450	4096	4	116546.02	19565.87	39720.16
2	4	1	450	690	4096	4	111196.06	18837.71	38500.89
2	4	1	450	930	4096	4	105099.88	17917.49	37431.34
2	4	1	450	1170	4096	4	103912.82	17698.13	39511.59
2	4	1	450	1410	4096	4	102001.68	17440.47	47448.27
2	4	1	690	450	4096	4	113072.41	19288.78	38873.97
2	4	1	690	690	4096	4	108119.21	18469.88	37605.48
2	4	1	690	930	4096	4	103119.60	17794.90	36943.43
2	4	1	690	1170	4096	4	101566.96	17547.09	38693.43
2	4	1	690	1410	4096	4	103029.27	17764.21	47906.83
2	4	1	930	450	4096	4	116566.63	20110.62	39777.27
2	4	1	930	690	4096	4	110364.80	19150.16	38463.74
2	4	1	930	930	4096	4	105930.72	18485.33	37804.59
2	4	1	930	1170	4096	4	103669.46	18102.97	39416.28
2	4	1	930	1410	4096	4	102827.54	18013.56	47816.38
2	4	1	1170	450	4096	4	115467.66	21010.38	39516.16
2	4	1	1170	690	4096	4	106908.04	19599.40	37392.27
2	4	1	1170	930	4096	4	102591.65	18967.17	36713.55
2	4	1	1170	1170	4096	4	99654.49	18491.61	38123.05
2	4	1	1170	1410	4096	4	100192.39	18551.28	46749.81
2	4	1	1410	450	4096	4	112416.82	24859.47	38562.43
2	4	1	1410	690	4096	4	107279.47	23857.34	37477.41
2	4	1	1410	930	4096	4	100708.21	22582.04	36205.23
2	4	1	1410	1170	4096	4	98892.04	22241.42	37927.56
2	4	1	1410	1410	4096	4	98593.77	22168.61	46276.95
2	4	1	450	450	4096	8	137037.81	23286.95	46654.01
2	4	1	450	690	4096	8	131504.43	22551.08	45702.41
2	4	1	450	930	4096	8	125312.23	21625.83	44679.80
2	4	1	450	1170	4096	8	123778.42	21389.81	47068.52
2	4	1	450	1410	4096	8	123746.80	21397.36	57567.71
2	4	1	690	450	4096	8	134227.27	23023.73	45962.61
2	4	1	690	690	4096	8	128304.87	22152.54	44803.30
2	4	1	690	930	4096	8	122546.71	21317.36	43887.73
2	4	1	690	1170	4096	8	121359.90	21128.98	46402.17
2	4	1	690	1410	4096	8	120939.34	21034.59	56335.38
2	4	1	930	450	4096	8	132499.18	23100.00	45505.30
2	4	1	930	690	4096	8	126109.85	22164.67	44024.29
2	4	1	930	930	4096	8	121195.39	21357.48	43350.61
2	4	1	930	1170	4096	8	119725.65	21237.99	45745.18
2	4	1	930	1410	4096	8	118628.37	20998.41	55384.02
2	4	1	1170	450	4096	8	131296.16	24127.09	45087.16
2	4	1	1170	690	4096	8	126059.07	23393.52	43980.05
2	4	1	1170	930	4096	8	120202.64	22447.70	43077.72
2	4	1	1170	1170	4096	8	118897.58	22241.25	45459.76
2	4	1	1170	1410	4096	8	118287.13	22149.42	55318.98
2	4	1	1410	450	4096	8	131299.04	29234.72	44966.51
2	4	1	1410	690	4096	8	125636.00	28074.05	43874.70
2	4	1	1410	930	4096	8	120392.45	27159.77	43241.48
2	4	1	1410	1170	4096	8	118887.20	26853.11	45290.34
2	4	1	1410	1410	4096	8	118461.86	26826.43	55370.35
2	4	1	450	450	4096	16	175739.11	30092.45	59433.38
2	4	1	450	690	4096	16	169931.32	29252.81	58541.65
2	4	1	450	930	4096	16	162295.87	28238.98	57728.23
2	4	1	450	1170	4096	16	161606.53	28152.84	61333.36
2	4	1	450	1410	4096	16	159401.82	27648.29	73268.41
2	4	1	690	450	4096	16	170257.14	29515.28	58211.71
2	4	1	690	690	4096	16	164354.10	28728.30	57138.14
2	4	1	690	930	4096	16	158120.66	27844.68	56710.00
2	4	1	690	1170	4096	16	156751.96	27701.64	59955.29
2	4	1	690	1410	4096	16	155443.98	27485.98	72727.77
2	4	1	930	450	4096	16	167725.32	29623.88	57760.16
2	4	1	930	690	4096	16	163242.82	29045.38	56986.19
2	4	1	930	930	4096	16	156068.18	28014.71	56177.58
2	4	1	930	1170	4096	16	155475.32	27977.90	59586.23
2	4	1	930	1410	4096	16	153896.38	27695.95	72433.88
2	4	1	1170	450	4096	16	166674.83	31183.96	57463.83
2	4	1	1170	690	4096	16	162043.35	30550.80	56821.17
2	4	1	1170	930	4096	16	155428.43	29514.20	55993.65
2	4	1	1170	1170	4096	16	160010.28	30241.45	61118.45
2	4	1	1170	1410	4096	16	152953.57	29157.76	72098.84
2	4	1	1410	450	4096	16	166520.05	37757.58	57617.66
2	4	1	1410	690	4096	16	161357.70	36813.09	56612.59
2	4	1	1410	930	4096	16	155457.44	35754.53	56099.52
2	4	1	1410	1170	4096	16	154162.24	35645.95	59245.00
2	4	1	1410	1410	4096	16	153613.86	35524.80	72408.59
2	4	1	690	690	4096	32	235053.89	41790.17	81725.33
2	4	1	690	930	4096	32	229884.86	41093.24	82139.45
2	4	1	690	1170	4096	32	227593.52	40752.55	86847.48
2	4	1	690	1410	4096	32	226084.06	40578.04	106069.45
2	4	1	930	690	4096	32	232778.46	42119.12	81394.99
2	4	1	930	930	4096	32	226846.64	41317.95	81618.79
2	4	1	930	1170	4096	32	224180.42	40873.13	86136.66
2	4	1	930	1410	4096	32	222944.57	40802.23	105237.01
2	4	1	1170	690	4096	32	230517.94	44204.77	81008.66
2	4	1	1170	930	4096	32	225403.20	43417.02	81260.18
2	4	1	1170	1170	4096	32	223360.44	43253.01	85963.73
2	4	1	1170	1410	4096	32	224110.83	43230.08	105595.26
2	4	1	1410	690	4096	32	231704.45	53817.95	81458.01
2	4	1	1410	930	4096	32	225495.03	52850.65	81325.91
2	4	1	1410	1170	4096	32	223351.21	52557.10	86142.02
2	4	1	1410	1410	4096	32	222346.96	52435.09	105231.73
2	4	2	450	450	128	1	88929.55	15007.56	31103.13
2	4	2	450	690	128	1	84828.85	14367.73	30164.20
2	4	2	450	930	128	1	78529.47	13365.18	28838.21
2	4	2	450	1170	128	1	77425.34	13181.48	30285.18
2	4	2	450	1410	128	1	76617.68	13069.89	36790.96
2	4	2	690	450	128	1	87198.74	14750.08	30592.18
2	4	2	690	690	128	1	82706.89	14161.19	29463.29
2	4	2	690	930	128	1	77212.57	13221.66	28348.68
2	4	2	690	1170	128	1	75932.24	13102.83	29850.16
2	4	2	690	1410	128	1	74999.88	12989.24	36171.78
2	4	2	930	450	128	1	86570.91	14924.31	30382.82
2	4	2	930	690	128	1	81640.77	14139.65	29220.60
2	4	2	930	930	128	1	76443.69	13281.71	28100.66
2	4	2	930	1170	128	1	75055.37	13163.75	29537.60
2	4	2	930	1410	128	1	74283.56	13048.12	35883.65
2	4	2	1170	450	128	1	86351.34	15746.98	30314.45
2	4	2	1170	690	128	1	81523.19	14922.68	29140.66
2	4	2	1170	930	128	1	75208.46	13884.41	27748.36
2	4	2	1170	1170	128	1	73459.36	13650.56	29028.18
2	4	2	1170	1410	128	1	73365.84	13514.12	35457.88
2	4	2	1410	450	128	1	84840.34	18649.72	29914.12
2	4	2	1410	690	128	1	80407.79	17730.50	28863.92
2	4	2	1410	930	128	1	75082.06	16711.45	27709.90
2	4	2	1410	1170	128	1	73375.63	16336.95	28905.02
2	4	2	1410	1410	128	1	72663.00	16246.98	35256.31
2	4	2	450	450	128	4	132038.12	22979.54	49011.93
2	4	2	450	690	128	4	121712.51	21357.85	46421.78
2	4	2	450	930	128	4	110150.81	19631.32	43622.39
2	4	2	450	1170	128	4	108533.85	19341.98	45863.12
2	4	2	450	1410	128	4	107689.66	19289.76	56140.62
2	4	2	690	450	128	4	129937.02	22733.84	48518.87
2	4	2	690	690	128	4	120347.00	21294.69	46078.71
2	4	2	690	930	128	4	108970.94	19562.11	43214.60
2	4	2	690	1170	128	4	106829.49	19263.51	45447.12
2	4	2	690	1410	128	4	106146.13	19070.24	55314.02
2	4	2	930	450	128	4	129752.11	22955.39	48423.69
2	4	2	930	690	128	4	118810.44	21323.88	45549.89
2	4	2	930	930	128	4	109369.26	19854.70	43264.83
2	4	2	930	1170	128	4	107132.81	19421.92	45456.42
2	4	2	930	1410	128	4	106235.79	19359.81	55456.84
2	4	2	1170	450	128	4	128672.97	24098.43	48129.76
2	4	2	1170	690	128	4	117816.48	22419.55	45230.37
2	4	2	1170	930	128	4	107444.25	20606.67	42826.27
2	4	2	1170	1170	128	4	106132.32	20439.93	45073.86
2	4	2	1170	1410	128	4	105620.28	20381.48	55388.41
2	4	2	1410	450	128	4	127644.16	28933.41	47800.02
2	4	2	1410	690	128	4	117146.94	26814.49	45246.62
2	4	2	1410	930	128	4	107311.77	24971.51	42779.84
2	4	2	1410	1170	128	4	104988.32	24528.14	44814.21
2	4	2	1410	1410	128	4	104203.93	24395.23	54830.29
2	4	2	450	450	128	8	134489.09	23501.83	50029.20
2	4	2	450	690	128	8	123923.30	21820.22	47266.48
2	4	2	450	930	128	8	113605.91	20285.46	44844.70
2	4	2	450	1170	128	8	111975.89	19909.62	47324.27
2	4	2	450	1410	128	8	110854.78	19907.02	57723.98
2	4	2	690	450	128	8	132244.76	23132.90	49414.46
2	4	2	690	690	128	8	121551.79	21569.02	46610.95
2	4	2	690	930	128	8	111653.17	20017.98	44265.83
2	4	2	690	1170	128	8	110333.22	19828.48	46871.99
2	4	2	690	1410	128	8	109069.66	19660.93	56953.93
2	4	2	930	450	128	8	131263.66	23311.96	49145.77
2	4	2	930	690	128	8	120927.28	21732.87	46431.92
2	4	2	930	930	128	8	110293.84	20091.16	43986.24
2	4	2	930	1170	128	8	108379.25	19864.23	46191.17
2	4	2	930	1410	128	8	107748.94	19833.45	56637.23
2	4	2	1170	450	128	8	130376.35	24502.41	48972.78
2	4	2	1170	690	128	8	120042.71	22823.16	46188.19
2	4	2	1170	930	128	8	110786.39	21303.53	44116.21
2	4	2	1170	1170	128	8	108844.06	20905.59	46331.29
2	4	2	1170	1410	128	8	107641.86	20896.10	56573.49
2	4	2	1410	450	128	8	129758.42	29383.41	48771.73
2	4	2	1410	690	128	8	119351.44	27475.62	45947.52
2	4	2	1410	930	128	8	109886.37	25637.39	43786.30
2	4	2	1410	1170	128	8	108069.66	25204.49	46048.95
2	4	2	1410	1410	128	8	107506.36	25220.98	56456.12
2	4	2	450	450	128	16	138339.68	24104.27	51414.50
2	4	2	450	690	128	16	128011.01	22628.21	48769.48
2	4	2	450	930	128	16	117487.09	20925.85	46238.07
2	4	2	450	1170	128	16	117321.91	21072.17	49531.20
2	4	2	450	1410	128	16	113067.46	20280.08	58982.66
2	4	2	690	450	128	16	136640.02	23974.51	50896.96
2	4	2	690	690	128	16	126505.26	22456.93	48312.66
2	4	2	690	930	128	16	113445.18	20426.55	45008.84
2	4	2	690	1170	128	16	111931.14	20202.56	47597.42
2	4	2	690	1410	128	16	110747.40	20041.46	58117.03
2	4	2	930	450	128	16	134324.20	24008.85	50457.76
2	4	2	930	690	128	16	124484.48	22442.70	47671.06
2	4	2	930	930	128	16	113690.49	20779.48	45214.54
2	4	2	930	1170	128	16	110669.37	20322.19	47241.77
2	4	2	930	1410	128	16	110412.20	20330.01	58157.05
2	4	2	1170	450	128	16	134299.87	25313.37	50314.81
2	4	2	1170	690	128	16	123684.58	23504.99	47590.91
2	4	2	1170	930	128	16	111260.10	21549.62	44516.30
2	4	2	1170	1170	128	16	108644.56	21208.77	46610.45
2	4	2	1170	1410	128	16	107553.98	20963.81	56982.91
2	4	2	1410	450	128	16	132400.55	30245.30	49869.01
2	4	2	1410	690	128	16	122394.31	28416.74	47197.92
2	4	2	1410	930	128	16	111314.98	26151.34	44591.10
2	4	2	1410	1170	128	16	108656.64	25640.62	46633.96
2	4	2	1410	1410	128	16	108095.61	25533.48	57169.70
2	4	2	450	450	128	32	146073.04	25652.96	54330.77
2	4	2	450	690	128	32	135638.87	24092.79	51646.49
2	4	2	450	930	128	32	122900.69	22070.77	48620.07
2	4	2	450	1170	128	32	121320.09	21941.84	51453.85
2	4	2	450	1410	128	32	127476.70	22886.17	65985.92
2	4	2	690	450	128	32	144884.95	25589.46	53993.84
2	4	2	690	690	128	32	133448.14	23879.91	51195.67
2	4	2	690	930	128	32	122107.06	22141.45	48433.50
2	4	2	690	1170	128	32	119917.41	21839.96	51039.41
2	4	2	690	1410	128	32	117877.55	21492.37	62237.49
2	4	2	930	450	128	32	143667.96	25752.62	53646.69
2	4	2	930	690	128	32	131939.16	24009.36	50606.48
2	4	2	930	930	128	32	123881.99	22688.56	48909.52
2	4	2	930	1170	128	32	119024.52	22016.00	50847.75
2	4	2	930	1410	128	32	118053.60	21769.65	62337.45
2	4	2	1170	450	128	32	141362.85	26829.13	53090.35
2	4	2	1170	690	128	32	130031.85	25068.39	50018.46
2	4	2	1170	930	128	32	118990.55	23181.25	47558.59
2	4	2	1170	1170	128	32	117761.18	22978.28	50366.70
2	4	2	1170	1410	128	32	115670.38	22751.03	61235.34
2	4	2	1410	450	128	32	140820.70	32295.17	53021.30
2	4	2	1410	690	128	32	130398.03	30470.07	50239.98
2	4	2	1410	930	128	32	118697.17	28138.79	47569.25
2	4	2	1410	1170	128	32	119134.84	28289.25	51024.98
2	4	2	1410	1410	128	32	114891.59	27432.21	60988.11
2	4	2	450	450	128	64	154360.44	27207.62	57101.95
2	4	2	450	690	128	64	148218.80	26349.56	55758.04
2	4	2	450	930	128	64	136332.01	24564.53	53063.15
2	4	2	450	1170	128	64	134589.35	24189.98	56294.53
2	4	2	450	1410	128	64	138483.88	24816.51	70659.71
2	4	2	690	450	128	64	153944.26	27412.56	57099.45
2	4	2	690	690	128	64	152671.60	27496.44	57976.64
2	4	2	690	930	128	64	133186.45	24252.32	52258.15
2	4	2	690	1170	128	64	132025.56	24171.47	55592.62
2	4	2	690	1410	128	64	130849.92	23847.41	68314.44
2	4	2	930	450	128	64	152339.52	27575.97	56719.09
2	4	2	930	690	128	64	145218.69	26598.94	55210.37
2	4	2	930	930	128	64	134384.19	24992.92	52886.94
2	4	2	930	1170	128	64	131987.23	24508.96	55856.63
2	4	2	930	1410	128	64	128462.30	23891.93	67267.71
2	4	2	1170	450	128	64	155693.43	29911.48	58119.50
2	4	2	1170	690	128	64	144169.13	27964.86	54804.67
2	4	2	1170	930	128	64	136715.61	26737.87	53561.79
2	4	2	1170	1170	128	64	127241.70	25181.80	54161.31
2	4	2	1170	1410	128	64	128798.00	25461.59	67761.25
2	4	2	1410	450	128	64	150318.66	34981.53	56293.73
2	4	2	1410	690	128	64	142360.51	33564.21	54465.81
2	4	2	1410	930	128	64	133311.60	31854.50	52892.13
2	4	2	1410	1170	128	64	127052.34	30530.22	54127.68
2	4	2	1410	1410	128	64	126993.95	30605.77	67115.15
2	4	2	450	450	128	128	302862.13	53745.29	112607.60
2	4	2	450	690	128	128	286148.98	51106.61	108618.16
2	4	2	450	930	128	128	266975.52	48263.80	104752.34
2	4	2	450	1170	128	128	266223.43	48102.51	111461.95
2	4	2	450	1410	128	128	256767.56	46755.24	134092.54
2	4	2	690	450	128	128	299382.88	53400.85	111419.35
2	4	2	690	690	128	128	281745.57	50848.94	107192.29
2	4	2	690	930	128	128	262511.39	47941.31	103280.59
2	4	2	690	1170	128	128	257727.34	47184.80	109131.94
2	4	2	690	1410	128	128	256429.26	46977.16	134075.87
2	4	2	930	450	128	128	296293.68	53794.59	110880.38
2	4	2	930	690	128	128	281601.25	51681.05	107429.68
2	4	2	930	930	128	128	254779.92	47329.38	101224.70
2	4	2	930	1170	128	128	254462.57	47512.15	108231.95
2	4	2	930	1410	128	128	247866.71	46233.27	130835.47
2	4	2	1170	450	128	128	296638.35	57099.27	111047.55
2	4	2	1170	690	128	128	281817.66	54636.20	107451.62
2	4	2	1170	930	128	128	254092.14	50175.22	101255.70
2	4	2	1170	1170	128	128	252143.80	49890.07	107770.66
2	4	2	1170	1410	128	128	251729.00	49990.88	133251.95
2	4	2	1410	450	128	128	293970.59	68665.14	110147.87
2	4	2	1410	690	128	128	277774.01	65590.95	106338.23
2	4	2	1410	930	128	128	255964.55	61373.92	101595.54
2	4	2	1410	1170	128	128	256163.84	61257.12	108247.87
2	4	2	1410	1410	128	128	249293.40	60082.20	131674.63
2	4	2	450	450	128	256	596110.30	105522.94	221105.41
2	4	2	450	690	128	256	568243.32	101258.35	214878.61
2	4	2	450	930	128	256	529164.37	95284.98	206452.36
2	4	2	450	1170	128	256	516699.07	93557.80	216843.70
2	4	2	450	1410	128	256	514746.98	93451.66	268627.10
2	4	2	690	450	128	256	594897.80	106350.43	221501.07
2	4	2	690	690	128	256	565613.25	101872.83	214541.82
2	4	2	690	930	128	256	516225.35	94651.53	203940.26
2	4	2	690	1170	128	256	499969.03	92253.22	213106.88
2	4	2	690	1410	128	256	504078.06	92752.23	264656.83
2	4	2	930	450	128	256	585631.79	106854.59	219384.55
2	4	2	930	690	128	256	551308.08	101619.86	211000.54
2	4	2	930	930	128	256	501597.71	93637.64	199858.81
2	4	2	930	1170	128	256	507309.74	94528.18	214359.96
2	4	2	930	1410	128	256	494437.57	92505.80	259737.19
2	4	2	1170	450	128	256	581997.54	112274.92	218172.28
2	4	2	1170	690	128	256	550160.50	107045.53	210113.45
2	4	2	1170	930	128	256	503733.12	99365.62	200475.48
2	4	2	1170	1170	128	256	490914.36	97300.75	210077.24
2	4	2	1170	1410	128	256	489263.27	97202.23	260132.90
2	4	2	1410	450	128	256	579864.00	135795.45	217364.62
2	4	2	1410	690	128	256	546971.55	129760.80	209406.13
2	4	2	1410	930	128	256	498230.69	119982.91	198478.14
2	4	2	1410	1170	128	256	496435.30	119634.88	211634.98
2	4	2	1410	1410	128	256	498281.50	119780.71	262598.04
2	4	2	450	450	512	1	90120.57	15104.26	31299.87
2	4	2	450	690	512	1	86444.11	14498.04	30574.44
2	4	2	450	930	512	1	80353.36	13612.53	29201.48
2	4	2	450	1170	512	1	78682.94	13371.98	30441.64
2	4	2	450	1410	512	1	78068.28	13202.77	37297.19
2	4	2	690	450	512	1	89214.21	15060.09	30904.62
2	4	2	690	690	512	1	85120.96	14371.63	30115.47
2	4	2	690	930	512	1	78978.36	13525.84	28858.86
2	4	2	690	1170	512	1	77568.55	13305.26	30206.43
2	4	2	690	1410	512	1	76543.02	13119.12	36720.16
2	4	2	930	450	512	1	88132.95	15127.80	30664.66
2	4	2	930	690	512	1	82816.55	14291.52	29495.71
2	4	2	930	930	512	1	77903.63	13571.67	28379.91
2	4	2	930	1170	512	1	76913.11	13405.76	29983.48
2	4	2	930	1410	512	1	77007.47	13474.78	36783.85
2	4	2	1170	450	512	1	87073.55	15760.28	30417.62
2	4	2	1170	690	512	1	82671.94	15148.46	29518.27
2	4	2	1170	930	512	1	77073.27	14315.51	28511.89
2	4	2	1170	1170	512	1	75621.46	13874.94	29597.87
2	4	2	1170	1410	512	1	75395.42	13884.02	36191.32
2	4	2	1410	450	512	1	86598.01	18909.80	30414.18
2	4	2	1410	690	512	1	82184.13	18116.01	29227.03
2	4	2	1410	930	512	1	76379.90	16980.30	28148.79
2	4	2	1410	1170	512	1	74987.69	16694.77	29452.42
2	4	2	1410	1410	512	1	74777.47	16689.70	36182.66
2	4	2	450	450	512	4	135961.38	23626.96	50308.74
2	4	2	450	690	512	4	124935.69	22014.71	47494.45
2	4	2	450	930	512	4	113529.26	20205.66	44700.20
2	4	2	450	1170	512	4	112400.70	20013.03	47153.96
2	4	2	450	1410	512	4	111744.42	19902.50	57929.11
2	4	2	690	450	512	4	133521.93	23426.67	49709.98
2	4	2	690	930	512	4	114748.86	20553.36	45055.88
2	4	2	930	450	512	4	132252.97	23550.62	49433.97
2	4	2	930	690	512	4	121346.61	21893.26	46409.26
2	4	2	930	930	512	4	111256.53	20222.12	44020.59
2	4	2	930	1170	512	4	110005.06	20136.05	46772.16
2	4	2	930	1410	512	4	108680.12	19900.40	56821.59
2	4	2	1170	450	512	4	130785.23	24645.82	49045.34
2	4	2	1170	930	512	4	110097.10	21260.80	43887.40
2	4	2	1410	450	512	4	130639.21	29662.84	48834.73
2	4	2	1410	930	512	4	111623.07	25995.47	44330.87
2	4	2	450	450	512	8	139462.49	24416.71	51665.53
2	4	2	450	690	512	8	128156.60	22665.45	48897.40
2	4	2	450	930	512	8	117005.09	20928.20	46134.55
2	4	2	450	1170	512	8	115241.04	20675.24	48644.37
2	4	2	450	1410	512	8	116210.64	20792.32	60052.77
2	4	2	690	450	512	8	139600.94	24547.30	52018.28
2	4	2	690	690	512	8	126416.59	22445.23	48203.92
2	4	2	690	930	512	8	117190.73	20999.44	46035.62
2	4	2	690	1170	512	8	113278.56	20446.59	47884.70
2	4	2	690	1410	512	8	112972.74	20395.22	58924.41
2	4	2	930	450	512	8	136296.00	24319.46	50776.86
2	4	2	930	690	512	8	126292.74	22724.68	48136.98
2	4	2	930	930	512	8	116187.20	21136.86	45867.27
2	4	2	930	1170	512	8	114789.16	20884.61	48346.91
2	4	2	930	1410	512	8	113369.08	20792.32	58901.84
2	4	2	1170	450	512	8	135427.31	25476.81	50463.86
2	4	2	1170	690	512	8	124697.70	23724.75	47652.87
2	4	2	1170	930	512	8	114668.74	22064.18	45526.02
2	4	2	1170	1170	512	8	112420.00	21819.16	47725.04
2	4	2	1170	1410	512	8	111572.00	21602.65	58337.92
2	4	2	1410	450	512	8	134577.19	30571.20	50324.48
2	4	2	1410	690	512	8	124412.06	28549.53	47577.02
2	4	2	1410	930	512	8	113888.51	26620.30	45259.07
2	4	2	1410	1170	512	8	112098.81	26267.13	47615.52
2	4	2	1410	1410	512	8	110890.90	26004.16	58074.47
2	4	2	450	450	512	16	146473.16	25627.45	54103.80
2	4	2	450	690	512	16	135846.76	24003.93	51402.78
2	4	2	450	930	512	16	124479.17	22374.89	48925.28
2	4	2	450	1170	512	16	122511.42	22031.66	51550.12
2	4	2	450	1410	512	16	121701.26	21879.30	62951.29
2	4	2	690	450	512	16	144597.99	25442.40	53616.45
2	4	2	690	690	512	16	134192.51	23927.91	51019.88
2	4	2	690	930	512	16	122828.64	22127.94	48414.77
2	4	2	690	1170	512	16	120452.08	21900.27	50979.21
2	4	2	690	1410	512	16	119919.55	21761.05	62377.16
2	4	2	930	450	512	16	142578.67	25526.42	53178.24
2	4	2	930	690	512	16	132019.65	23870.18	50578.27
2	4	2	930	930	512	16	121031.45	22227.19	47901.20
2	4	2	930	1170	512	16	119434.41	22032.78	50654.75
2	4	2	930	1410	512	16	118959.80	21986.48	62332.13
2	4	2	1170	450	512	16	142808.68	27033.99	53254.21
2	4	2	1170	690	512	16	132951.47	25411.54	50711.88
2	4	2	1170	930	512	16	122725.17	23795.26	48442.84
2	4	2	1170	1170	512	16	120765.75	23455.31	50937.45
2	4	2	1170	1410	512	16	117183.11	22848.03	61545.62
2	4	2	1410	450	512	16	141022.84	32298.46	52665.66
2	4	2	1410	690	512	16	131132.64	30339.92	50163.36
2	4	2	1410	930	512	16	121499.82	28518.52	48139.55
2	4	2	1410	1170	512	16	119855.18	28232.34	50847.34
2	4	2	1410	1410	512	16	121852.42	28679.25	63345.49
2	4	2	450	450	512	32	163720.37	28834.56	60218.57
2	4	2	450	690	512	32	152715.21	27111.59	57459.33
2	4	2	450	930	512	32	142047.78	25538.97	55222.79
2	4	2	450	1170	512	32	139547.10	25135.67	57962.07
2	4	2	450	1410	512	32	138780.11	25051.96	71356.66
2	4	2	690	450	512	32	161145.00	28522.80	59424.31
2	4	2	690	930	512	32	138545.71	25099.68	54051.23
2	4	2	930	450	512	32	159217.80	28644.19	58789.12
2	4	2	930	690	512	32	149277.45	27123.59	56405.76
2	4	2	930	930	512	32	136903.24	25124.77	53710.65
2	4	2	930	1170	512	32	135178.78	24954.38	57046.78
2	4	2	930	1410	512	32	133980.68	24845.16	69668.58
2	4	2	1170	450	512	32	158377.68	30009.06	58628.01
2	4	2	1170	930	512	32	135659.11	26517.25	53502.51
2	4	2	1410	450	512	32	159454.83	36760.05	58941.31
2	4	2	1410	930	512	32	137073.85	32311.26	53807.53
2	4	2	450	450	512	64	187876.47	33390.65	68513.05
2	4	2	450	690	512	64	176894.11	31565.76	66072.10
2	4	2	450	930	512	64	166459.80	30132.94	64166.16
2	4	2	450	1170	512	64	165565.46	29957.78	68201.05
2	4	2	450	1410	512	64	162372.25	29492.55	83024.85
2	4	2	690	450	512	64	181808.37	32550.08	67014.98
2	4	2	690	690	512	64	173392.54	31386.85	65187.27
2	4	2	690	930	512	64	162251.29	29674.87	63034.28
2	4	2	690	1170	512	64	168937.77	30645.16	69660.31
2	4	2	690	1410	512	64	158596.82	29117.27	81867.25
2	4	2	930	450	512	64	180530.51	32860.34	66687.62
2	4	2	930	690	512	64	171570.80	31581.39	64726.23
2	4	2	930	930	512	64	161863.19	30103.94	63146.09
2	4	2	930	1170	512	64	158652.70	29626.71	66478.97
2	4	2	930	1410	512	64	158781.99	29800.41	83118.35
2	4	2	1170	450	512	64	180052.51	34734.28	66562.01
2	4	2	1170	690	512	64	174273.69	33922.96	65908.54
2	4	2	1170	930	512	64	159630.18	31512.38	62682.83
2	4	2	1170	1170	512	64	157220.77	31203.05	66222.18
2	4	2	1170	1410	512	64	158192.81	31364.96	82151.27
2	4	2	1410	450	512	64	179706.18	42147.25	66676.12
2	4	2	1410	690	512	64	170800.77	40633.07	64857.07
2	4	2	1410	930	512	64	158479.90	38225.91	62310.27
2	4	2	1410	1170	512	64	156583.30	37895.28	66115.13
2	4	2	1410	1410	512	64	157691.26	38265.62	82577.30
2	4	2	450	450	512	128	356224.30	63334.26	130222.16
2	4	2	450	690	512	128	332132.73	59794.95	124882.74
2	4	2	450	930	512	128	307376.10	56197.03	119861.11
2	4	2	450	1170	512	128	302913.28	55583.70	126831.02
2	4	2	450	1410	512	128	301144.13	55235.02	156249.13
2	4	2	690	450	512	128	340902.34	61491.61	126376.36
2	4	2	690	930	512	128	301638.03	55706.23	118219.72
2	4	2	930	450	512	128	339658.85	62085.77	125635.40
2	4	2	930	690	512	128	328250.29	60386.52	123244.55
2	4	2	930	930	512	128	299050.79	55919.11	117436.06
2	4	2	930	1170	512	128	293205.11	55231.27	124041.30
2	4	2	930	1410	512	128	289872.55	54622.36	152110.60
2	4	2	1170	450	512	128	342158.55	66265.01	126921.61
2	4	2	1170	930	512	128	297029.54	58897.56	117035.64
2	4	2	1410	450	512	128	336917.20	79392.55	125119.55
2	4	2	1410	930	512	128	295827.79	71637.16	116645.03
2	4	2	450	450	512	256	668262.79	119021.87	244937.37
2	4	2	450	690	512	256	628613.31	113213.40	236228.50
2	4	2	450	930	512	256	586926.12	106999.45	227989.17
2	4	2	450	1170	512	256	575728.15	105358.62	240519.08
2	4	2	450	1410	512	256	579178.25	105929.74	298480.66
2	4	2	690	450	512	256	648947.89	117025.95	239892.08
2	4	2	690	690	512	256	623011.03	113467.49	235509.84
2	4	2	690	930	512	256	574317.78	106036.77	224837.18
2	4	2	690	1170	512	256	573130.43	105712.19	239379.67
2	4	2	690	1410	512	256	555836.52	103374.08	290472.02
2	4	2	930	450	512	256	643863.69	118628.82	239958.44
2	4	2	930	690	512	256	614888.73	114245.02	233345.83
2	4	2	930	930	512	256	569052.46	106814.39	223797.71
2	4	2	930	1170	512	256	555635.63	104846.87	234536.67
2	4	2	930	1410	512	256	555844.92	105069.62	290022.99
2	4	2	1170	450	512	256	641955.05	124711.23	238631.30
2	4	2	1170	690	512	256	628440.70	122692.88	237059.19
2	4	2	1170	930	512	256	559587.02	111572.70	220692.34
2	4	2	1170	1170	512	256	552740.41	110461.67	233392.91
2	4	2	1170	1410	512	256	544607.91	109074.60	284998.11
2	4	2	1410	450	512	256	650264.72	153139.23	240921.42
2	4	2	1410	690	512	256	606554.79	145245.76	230801.87
2	4	2	1410	930	512	256	558123.11	135682.88	220535.96
2	4	2	1410	1170	512	256	551083.12	134696.70	234028.11
2	4	2	1410	1410	512	256	551233.19	134673.98	290295.84
2	4	2	450	450	1024	1	89799.41	15051.27	31295.76
2	4	2	450	690	1024	1	85348.49	14323.43	30149.09
2	4	2	450	930	1024	1	80097.97	13527.27	29196.02
2	4	2	450	1170	1024	1	79330.57	13454.13	30678.80
2	4	2	450	1410	1024	1	78749.88	13353.53	37308.27
2	4	2	690	450	1024	1	89460.86	15039.84	31185.38
2	4	2	690	690	1024	1	84384.12	14347.35	29762.45
2	4	2	690	930	1024	1	79268.17	13569.69	28767.96
2	4	2	690	1170	1024	1	77999.81	13280.26	30353.39
2	4	2	690	1410	1024	1	76564.91	13165.58	36393.67
2	4	2	930	450	1024	1	87721.11	14987.65	30568.42
2	4	2	930	690	1024	1	83422.49	14405.45	29575.65
2	4	2	930	930	1024	1	77637.87	13486.30	28298.86
2	4	2	930	1170	1024	1	77700.05	13494.87	30141.48
2	4	2	930	1410	1024	1	75478.54	13150.10	36221.64
2	4	2	1170	450	1024	1	86684.25	15697.02	30188.71
2	4	2	1170	690	1024	1	82056.09	15000.23	29257.91
2	4	2	1170	930	1024	1	76646.85	14134.11	28043.23
2	4	2	1170	1170	1024	1	75822.48	13848.25	29653.70
2	4	2	1170	1410	1024	1	74659.14	13733.35	35896.74
2	4	2	1410	450	1024	1	86168.36	18786.77	30110.19
2	4	2	1410	690	1024	1	82030.29	18027.30	29144.77
2	4	2	1410	930	1024	1	77787.53	17166.09	28447.31
2	4	2	1410	1170	1024	1	75358.78	16705.29	29537.99
2	4	2	1410	1410	1024	1	74091.87	16577.81	35699.93
2	4	2	450	450	1024	4	136600.41	23750.27	50493.05
2	4	2	450	690	1024	4	126195.68	22076.01	47891.99
2	4	2	450	930	1024	4	115352.69	20510.51	45300.08
2	4	2	450	1170	1024	4	114152.53	20401.63	47891.53
2	4	2	450	1410	1024	4	116607.95	20560.23	59500.33
2	4	2	690	450	1024	4	138196.30	24014.93	50933.42
2	4	2	690	690	1024	4	124720.95	22076.32	47448.55
2	4	2	690	930	1024	4	113541.31	20390.43	44765.49
2	4	2	690	1170	1024	4	112185.20	20193.21	47374.90
2	4	2	690	1410	1024	4	110532.14	19895.99	57576.26
2	4	2	930	450	1024	4	137034.03	24275.40	50719.39
2	4	2	930	690	1024	4	122394.95	22049.24	46883.07
2	4	2	930	930	1024	4	112973.87	20568.92	44701.66
2	4	2	930	1170	1024	4	111213.66	20226.07	47161.41
2	4	2	930	1410	1024	4	112537.93	20588.41	58571.59
2	4	2	1170	450	1024	4	137217.74	25647.96	50716.09
2	4	2	1170	690	1024	4	123579.15	23527.78	47317.23
2	4	2	1170	930	1024	4	114161.67	21854.88	45130.56
2	4	2	1170	1170	1024	4	111493.31	21451.52	47217.73
2	4	2	1170	1410	1024	4	109573.39	21210.59	57373.83
2	4	2	1410	450	1024	4	131597.79	29940.78	49446.82
2	4	2	1410	690	1024	4	121312.32	28004.43	46632.49
2	4	2	1410	930	1024	4	111699.70	26000.59	44557.92
2	4	2	1410	1170	1024	4	108237.03	25378.53	46308.89
2	4	2	1410	1410	1024	4	109078.87	25521.41	57267.98
2	4	2	450	450	1024	8	143672.04	25077.76	53186.90
2	4	2	450	690	1024	8	132830.69	23390.32	50393.03
2	4	2	450	930	1024	8	123911.45	22077.59	48458.66
2	4	2	450	1170	1024	8	121374.58	21721.44	50809.27
2	4	2	450	1410	1024	8	120485.24	21472.47	61969.70
2	4	2	690	450	1024	8	142003.51	24908.34	52665.98
2	4	2	690	690	1024	8	131906.33	23384.09	50036.84
2	4	2	690	930	1024	8	124101.41	22189.10	48397.20
2	4	2	690	1170	1024	8	121381.67	21836.09	50810.84
2	4	2	690	1410	1024	8	117834.73	21255.23	61048.13
2	4	2	930	450	1024	8	141548.28	25233.05	52612.18
2	4	2	930	690	1024	8	130736.63	23535.38	49756.61
2	4	2	930	930	1024	8	119782.49	21893.96	47303.08
2	4	2	930	1170	1024	8	118097.75	21590.05	49853.02
2	4	2	930	1410	1024	8	118098.39	21614.88	61173.48
2	4	2	1170	450	1024	8	141839.63	26722.65	52626.95
2	4	2	1170	690	1024	8	129831.46	24713.68	49507.63
2	4	2	1170	930	1024	8	120508.97	23182.41	47474.38
2	4	2	1170	1170	1024	8	117635.52	22738.80	49650.60
2	4	2	1170	1410	1024	8	115752.69	22434.59	60376.55
2	4	2	1410	450	1024	8	138080.40	31497.62	51632.08
2	4	2	1410	690	1024	8	128248.90	29540.16	49163.54
2	4	2	1410	930	1024	8	117779.16	27507.60	46740.27
2	4	2	1410	1170	1024	8	116562.25	27310.10	49291.26
2	4	2	1410	1410	1024	8	118766.46	27837.48	61975.42
2	4	2	450	450	1024	16	158847.13	27838.73	58295.34
2	4	2	450	690	1024	16	147329.81	26027.70	55478.86
2	4	2	450	930	1024	16	135214.10	24292.16	52702.64
2	4	2	450	1170	1024	16	133662.99	23982.80	55755.52
2	4	2	450	1410	1024	16	134161.83	24096.00	68737.02
2	4	2	690	450	1024	16	155382.11	27405.19	57374.71
2	4	2	690	690	1024	16	145154.98	25896.20	54840.50
2	4	2	690	930	1024	16	133731.33	24178.95	52395.55
2	4	2	690	1170	1024	16	131195.10	23804.20	55021.55
2	4	2	690	1410	1024	16	131862.84	23949.49	68128.41
2	4	2	930	450	1024	16	153669.44	27514.38	56892.60
2	4	2	930	690	1024	16	143250.27	26019.49	54342.26
2	4	2	930	930	1024	16	131511.22	24140.72	52052.04
2	4	2	930	1170	1024	16	131154.50	24083.09	55107.91
2	4	2	930	1410	1024	16	132261.82	24315.53	68054.91
2	4	2	1170	450	1024	16	153800.93	29085.63	56930.10
2	4	2	1170	690	1024	16	143379.96	27291.45	54375.59
2	4	2	1170	930	1024	16	133111.66	25795.84	52182.80
2	4	2	1170	1170	1024	16	131323.39	25423.71	55165.08
2	4	2	1170	1410	1024	16	130875.24	25441.03	67718.07
2	4	2	1410	450	1024	16	153274.72	35073.48	56782.21
2	4	2	1410	690	1024	16	143048.85	33125.92	54317.35
2	4	2	1410	930	1024	16	133013.23	31167.80	52047.94
2	4	2	1410	1170	1024	16	129830.90	30589.68	54688.12
2	4	2	1410	1410	1024	16	129214.25	30554.42	67056.30
2	4	2	450	450	1024	32	179923.00	31802.90	66196.07
2	4	2	450	690	1024	32	168967.08	30204.20	63404.28
2	4	2	450	930	1024	32	158135.10	28592.41	61325.78
2	4	2	450	1170	1024	32	155527.94	28183.94	64745.94
2	4	2	450	1410	1024	32	155677.17	28253.00	79526.89
2	4	2	690	450	1024	32	178081.83	31699.77	65561.50
2	4	2	690	690	1024	32	167271.52	30090.22	63010.48
2	4	2	690	930	1024	32	156246.85	28467.59	60900.34
2	4	2	690	1170	1024	32	152787.14	27924.57	63851.99
2	4	2	690	1410	1024	32	152820.59	27958.47	78928.53
2	4	2	930	450	1024	32	177562.49	32147.21	65491.80
2	4	2	930	690	1024	32	165388.59	30315.73	62623.61
2	4	2	930	930	1024	32	153288.59	28393.81	60111.50
2	4	2	930	1170	1024	32	151074.86	28180.20	63584.88
2	4	2	930	1410	1024	32	149949.47	27980.82	78096.41
2	4	2	1170	450	1024	32	175582.35	33725.43	65175.55
2	4	2	1170	690	1024	32	164804.56	32036.47	62604.49
2	4	2	1170	930	1024	32	154274.34	30242.21	60634.00
2	4	2	1170	1170	1024	32	156076.69	30667.91	65391.34
2	4	2	1170	1410	1024	32	152642.30	29957.39	79090.55
2	4	2	1410	450	1024	32	175401.87	40802.89	65212.35
2	4	2	1410	690	1024	32	164705.26	38761.49	62572.54
2	4	2	1410	930	1024	32	152801.87	36458.87	60145.69
2	4	2	1410	1170	1024	32	149961.18	36029.56	63432.52
2	4	2	1410	1410	1024	32	148280.80	35709.01	77694.97
2	4	2	450	450	1024	64	220510.69	39487.23	80537.71
2	4	2	450	690	1024	64	210201.57	37959.30	78381.20
2	4	2	450	930	1024	64	199500.05	36429.44	76995.01
2	4	2	450	1170	1024	64	197137.18	36106.62	81567.62
2	4	2	450	1410	1024	64	195167.28	35847.88	99989.45
2	4	2	690	450	1024	64	216600.75	39079.12	79523.20
2	4	2	690	690	1024	64	207608.14	37775.09	77775.29
2	4	2	690	930	1024	64	195249.38	36072.06	75767.52
2	4	2	690	1170	1024	64	195627.41	36100.56	81089.88
2	4	2	690	1410	1024	64	192705.00	35674.12	99068.78
2	4	2	930	450	1024	64	214637.98	39350.05	79062.08
2	4	2	930	690	1024	64	207072.82	38274.83	77533.92
2	4	2	930	930	1024	64	197426.14	36736.34	76330.59
2	4	2	930	1170	1024	64	193390.19	36327.48	80449.56
2	4	2	930	1410	1024	64	194278.59	36289.71	99659.73
2	4	2	1170	450	1024	64	220361.07	42471.23	80293.55
2	4	2	1170	690	1024	64	204271.17	40048.60	76831.17
2	4	2	1170	930	1024	64	193130.56	38380.66	75378.14
2	4	2	1170	1170	1024	64	189308.70	37809.45	79508.69
2	4	2	1170	1410	1024	64	188799.21	37794.33	97962.20
2	4	2	1410	450	1024	64	213564.48	50143.00	78620.98
2	4	2	1410	690	1024	64	203406.65	48411.05	76591.98
2	4	2	1410	930	1024	64	191460.90	46190.77	74743.08
2	4	2	1410	1170	1024	64	190253.27	46040.27	79554.79
2	4	2	1410	1410	1024	64	189990.44	46045.38	98151.84
2	4	2	450	450	1024	128	386712.81	69415.91	140853.74
2	4	2	450	690	1024	128	373636.19	67582.83	138958.52
2	4	2	450	930	1024	128	351394.40	64259.89	135043.99
2	4	2	450	1170	1024	128	345104.63	63201.88	142206.67
2	4	2	450	1410	1024	128	351737.50	64169.21	178138.48
2	4	2	690	450	1024	128	386424.54	69798.17	141321.89
2	4	2	690	690	1024	128	363735.28	66685.47	136500.68
2	4	2	690	930	1024	128	340990.87	63250.59	132134.59
2	4	2	690	1170	1024	128	334934.62	62390.41	139484.60
2	4	2	690	1410	1024	128	336373.06	62708.84	174059.45
2	4	2	930	450	1024	128	378480.25	69726.96	139364.22
2	4	2	930	690	1024	128	360324.75	67124.14	135508.42
2	4	2	930	930	1024	128	337679.84	63796.02	132082.15
2	4	2	930	1170	1024	128	337512.46	63861.26	141157.51
2	4	2	930	1410	1024	128	341322.50	64268.38	175518.08
2	4	2	1170	450	1024	128	376555.52	73628.91	139007.62
2	4	2	1170	690	1024	128	359780.33	70951.26	135715.64
2	4	2	1170	930	1024	128	337024.66	67378.24	131823.70
2	4	2	1170	1170	1024	128	332223.36	66663.58	139413.43
2	4	2	1170	1410	1024	128	334985.58	67239.91	174052.78
2	4	2	1410	450	1024	128	374705.57	89104.25	138934.48
2	4	2	1410	690	1024	128	356108.50	85778.67	134542.09
2	4	2	1410	930	1024	128	334472.34	81748.10	131238.42
2	4	2	1410	1170	1024	128	338321.38	82285.66	140372.21
2	4	2	1410	1410	1024	128	326626.41	80147.95	169127.59
2	4	2	930	930	1024	256	617926.14	117295.16	241644.87
2	4	2	930	1170	1024	256	602546.25	114761.10	251845.66
2	4	2	930	1410	1024	256	595933.31	113787.76	308947.10
2	4	2	1170	930	1024	256	618107.13	123534.21	241145.95
2	4	2	1170	1170	1024	256	602269.15	121326.23	252137.32
2	4	2	1170	1410	1024	256	597082.74	120678.09	309372.98
2	4	2	1410	930	1024	256	608136.83	149305.22	238897.88
2	4	2	1410	1170	1024	256	604765.53	149055.52	252989.29
2	4	2	1410	1410	1024	256	612069.06	150283.62	315206.15
2	4	2	450	450	2048	1	92021.56	15346.82	31833.34
2	4	2	450	690	2048	1	87638.25	14737.96	30664.00
2	4	2	450	930	2048	1	82202.70	13909.42	29675.44
2	4	2	450	1170	2048	1	80648.96	13589.49	31096.65
2	4	2	450	1410	2048	1	80087.09	13506.30	37817.01
2	4	2	690	450	2048	1	91837.20	15502.58	31588.63
2	4	2	690	690	2048	1	86473.92	14633.58	30301.12
2	4	2	690	930	2048	1	81276.20	13729.39	29402.16
2	4	2	690	1170	2048	1	79631.75	13615.46	30578.34
2	4	2	690	1410	2048	1	79215.40	13503.17	37374.74
2	4	2	930	450	2048	1	89979.24	15255.30	31039.77
2	4	2	930	690	2048	1	85213.63	14662.40	30080.72
2	4	2	930	930	2048	1	78885.99	13717.62	28487.55
2	4	2	930	1170	2048	1	77848.06	13477.60	30384.87
2	4	2	930	1410	2048	1	77497.09	13417.03	36708.48
2	4	2	1170	450	2048	1	87893.58	15900.65	30672.77
2	4	2	1170	690	2048	1	83418.74	15153.64	29631.52
2	4	2	1170	930	2048	1	77857.44	14226.01	28301.70
2	4	2	1170	1170	2048	1	76299.70	13990.38	29651.99
2	4	2	1170	1410	2048	1	76370.69	14035.84	36518.98
2	4	2	1410	450	2048	1	87425.60	18992.18	30383.17
2	4	2	1410	690	2048	1	83667.28	18328.65	29671.24
2	4	2	1410	930	2048	1	78231.83	17269.40	28335.53
2	4	2	1410	1170	2048	1	76420.11	16922.02	29931.09
2	4	2	1410	1410	2048	1	75732.70	16775.54	35942.55
2	4	2	450	450	2048	4	142966.99	24831.80	52642.98
2	4	2	450	690	2048	4	132131.32	23146.70	49844.94
2	4	2	450	930	2048	4	122610.11	21657.20	47524.07
2	4	2	450	1170	2048	4	119390.29	21185.29	49648.57
2	4	2	450	1410	2048	4	119993.29	21306.20	61155.34
2	4	2	690	450	2048	4	140565.86	24534.79	52138.26
2	4	2	690	930	2048	4	118673.00	21254.05	46604.09
2	4	2	930	450	2048	4	140272.06	24902.80	51908.98
2	4	2	930	690	2048	4	129138.07	23209.84	48879.30
2	4	2	930	930	2048	4	118529.86	21514.89	46507.03
2	4	2	930	1170	2048	4	118491.85	21435.83	49622.62
2	4	2	930	1410	2048	4	117102.99	21358.55	60489.38
2	4	2	1170	450	2048	4	137970.88	25836.69	51178.32
2	4	2	1170	930	2048	4	118053.63	22686.87	46643.51
2	4	2	1410	450	2048	4	138698.69	31435.90	51401.33
2	4	2	1410	930	2048	4	118079.21	27327.32	46535.18
2	4	2	450	450	2048	8	154497.43	26977.74	56702.49
2	4	2	450	690	2048	8	143877.54	25313.06	53984.36
2	4	2	450	930	2048	8	132392.94	23673.94	51564.25
2	4	2	450	1170	2048	8	131511.86	23445.27	54607.66
2	4	2	450	1410	2048	8	132992.89	23743.99	67631.66
2	4	2	690	450	2048	8	154215.33	27089.17	56688.23
2	4	2	690	690	2048	8	142905.64	25381.12	53879.09
2	4	2	690	930	2048	8	132236.14	23790.91	51614.86
2	4	2	690	1170	2048	8	132268.17	23861.92	54952.59
2	4	2	690	1410	2048	8	131459.68	23664.77	67239.30
2	4	2	930	450	2048	8	152003.84	27120.83	56111.60
2	4	2	930	690	2048	8	142233.78	25685.88	53695.91
2	4	2	930	930	2048	8	132545.97	24101.31	51639.71
2	4	2	930	1170	2048	8	127914.56	23450.59	53560.67
2	4	2	930	1410	2048	8	127919.33	23456.16	65842.03
2	4	2	1170	450	2048	8	150498.75	28509.03	55739.06
2	4	2	1170	690	2048	8	140428.00	26748.48	53141.69
2	4	2	1170	930	2048	8	130858.32	25251.92	51197.07
2	4	2	1170	1170	2048	8	128621.20	24831.85	53761.84
2	4	2	1170	1410	2048	8	129355.03	24963.66	66410.96
2	4	2	1410	450	2048	8	153425.60	34733.36	56245.73
2	4	2	1410	690	2048	8	139369.89	32070.77	52824.19
2	4	2	1410	930	2048	8	128648.32	30054.32	50447.24
2	4	2	1410	1170	2048	8	126334.14	29608.90	52994.36
2	4	2	1410	1410	2048	8	126596.69	29707.42	65240.46
2	4	2	450	450	2048	16	174975.91	30724.89	63974.90
2	4	2	450	690	2048	16	164323.36	29206.73	61435.18
2	4	2	450	930	2048	16	152614.63	27455.55	59307.87
2	4	2	450	1170	2048	16	150693.23	27206.05	62455.14
2	4	2	450	1410	2048	16	148788.81	26910.85	76103.31
2	4	2	690	450	2048	16	172022.00	30514.81	63328.86
2	4	2	690	690	2048	16	161228.16	28883.96	60632.05
2	4	2	690	930	2048	16	151206.66	27391.87	58844.70
2	4	2	690	1170	2048	16	148068.97	26999.53	61676.75
2	4	2	690	1410	2048	16	148810.54	27039.67	76118.99
2	4	2	930	450	2048	16	171789.69	30911.15	63277.84
2	4	2	930	690	2048	16	161264.07	29243.65	60755.13
2	4	2	930	930	2048	16	149678.10	27613.73	58424.82
2	4	2	930	1170	2048	16	148649.96	27348.82	61935.45
2	4	2	930	1410	2048	16	147274.80	27269.02	75771.73
2	4	2	1170	450	2048	16	171039.73	32532.37	63089.65
2	4	2	1170	690	2048	16	159821.65	30782.62	60325.66
2	4	2	1170	930	2048	16	148416.98	29027.80	58137.55
2	4	2	1170	1170	2048	16	145495.71	28552.03	61133.49
2	4	2	1170	1410	2048	16	146402.49	28619.13	75489.86
2	4	2	1410	450	2048	16	170108.18	39210.02	62856.47
2	4	2	1410	690	2048	16	160003.59	37435.05	60506.34
2	4	2	1410	930	2048	16	148922.54	35262.20	58308.10
2	4	2	1410	1170	2048	16	148148.31	35154.12	61928.52
2	4	2	1410	1410	2048	16	147676.19	35064.22	76082.02
2	4	2	450	450	2048	32	214207.37	38154.44	78290.14
2	4	2	450	690	2048	32	203182.36	36513.17	75899.65
2	4	2	450	930	2048	32	193300.22	35176.10	74596.91
2	4	2	450	1170	2048	32	191346.14	34856.74	78785.89
2	4	2	450	1410	2048	32	190533.66	34724.69	96708.47
2	4	2	690	450	2048	32	212492.40	37935.59	77727.11
2	4	2	690	930	2048	32	190101.41	34838.13	73436.58
2	4	2	930	450	2048	32	210611.55	38229.15	77226.92
2	4	2	930	690	2048	32	200252.98	36771.58	75125.04
2	4	2	930	930	2048	32	188246.73	35057.86	73236.07
2	4	2	930	1170	2048	32	186090.71	34711.20	77546.65
2	4	2	930	1410	2048	32	184904.56	34615.56	95193.11
2	4	2	1170	450	2048	32	209539.75	40277.33	77114.28
2	4	2	1170	930	2048	32	186281.83	36753.72	73019.98
2	4	2	1410	450	2048	32	208538.71	48632.36	76670.27
2	4	2	1410	930	2048	32	185382.05	44576.88	72627.18
2	4	2	450	450	2048	64	288841.02	51974.75	104678.48
2	4	2	450	690	2048	64	277305.31	50337.89	102866.54
2	4	2	450	930	2048	64	264988.38	48745.18	101687.50
2	4	2	450	1170	2048	64	262982.40	48511.56	107990.41
2	4	2	450	1410	2048	64	262150.57	48387.30	133123.96
2	4	2	690	450	2048	64	285186.59	51768.34	104090.30
2	4	2	690	690	2048	64	271144.87	49851.53	101575.97
2	4	2	690	930	2048	64	260548.67	48607.32	101052.45
2	4	2	690	1170	2048	64	257861.78	48172.10	107219.01
2	4	2	690	1410	2048	64	259314.37	48465.45	132730.90
2	4	2	930	450	2048	64	280740.70	51906.87	103129.68
2	4	2	930	690	2048	64	273050.91	50918.18	102092.53
2	4	2	930	930	2048	64	258529.11	48759.34	100292.45
2	4	2	930	1170	2048	64	256861.87	48656.94	106403.27
2	4	2	930	1410	2048	64	258065.27	48887.05	132076.72
2	4	2	1170	450	2048	64	279770.82	54624.23	102775.05
2	4	2	1170	690	2048	64	269662.13	53190.41	101032.12
2	4	2	1170	930	2048	64	265594.88	52635.56	102197.38
2	4	2	1170	1170	2048	64	259739.77	51852.82	107426.26
2	4	2	1170	1410	2048	64	254745.04	51121.89	130385.86
2	4	2	1410	450	2048	64	279730.47	66259.38	102685.27
2	4	2	1410	690	2048	64	271691.88	65218.66	101542.17
2	4	2	1410	930	2048	64	258987.32	63028.90	100554.62
2	4	2	1410	1170	2048	64	254446.34	62172.00	105822.44
2	4	2	1410	1410	2048	64	254146.03	62298.63	130521.89
2	4	2	930	930	2048	128	412916.53	78953.19	159763.62
2	4	2	930	1170	2048	128	412068.36	78744.55	169884.23
2	4	2	930	1410	2048	128	405284.30	77702.52	207201.02
2	4	2	1170	930	2048	128	409490.62	82679.31	159265.31
2	4	2	1170	1410	2048	128	407878.97	82440.91	207858.23
2	4	2	1410	930	2048	128	410759.03	100765.82	159148.69
2	4	2	1410	1170	2048	128	404963.44	99967.13	167380.39
2	4	2	1410	1410	2048	128	403854.03	99920.84	206375.20
2	4	2	450	450	4096	1	94268.39	15644.88	32338.61
2	4	2	450	690	4096	1	90606.48	15155.74	31422.08
2	4	2	450	930	4096	1	84514.16	14137.55	30149.97
2	4	2	450	1170	4096	1	82887.26	13896.78	31612.62
2	4	2	450	1410	4096	1	82772.18	13894.54	38559.56
2	4	2	690	450	4096	1	93360.25	15598.34	31963.38
2	4	2	690	690	4096	1	90925.29	15249.67	31398.45
2	4	2	690	930	4096	1	84010.16	14235.36	30045.42
2	4	2	690	1170	4096	1	82618.63	14005.24	31490.45
2	4	2	690	1410	4096	1	83106.68	14075.44	38774.97
2	4	2	930	450	4096	1	92934.38	15733.20	31740.80
2	4	2	930	690	4096	1	91950.52	15618.69	31671.05
2	4	2	930	930	4096	1	82896.33	14228.41	29599.01
2	4	2	930	1170	4096	1	81556.24	14049.44	31179.11
2	4	2	930	1410	4096	1	80858.36	13944.46	38097.65
2	4	2	1170	450	4096	1	92697.20	16604.10	31725.39
2	4	2	1170	690	4096	1	88683.16	16006.70	30868.10
2	4	2	1170	930	4096	1	82788.08	15017.63	29684.30
2	4	2	1170	1170	4096	1	81203.60	14797.39	31113.57
2	4	2	1170	1410	4096	1	81012.36	14806.95	37972.59
2	4	2	1410	450	4096	1	91794.51	19896.59	31546.56
2	4	2	1410	690	4096	1	86998.79	18968.56	30346.29
2	4	2	1410	930	4096	1	81399.89	17817.52	29292.49
2	4	2	1410	1170	4096	1	79979.67	17598.88	30746.31
2	4	2	1410	1410	4096	1	79593.03	17528.31	37404.16
2	4	2	450	450	4096	4	152061.31	26389.66	55337.82
2	4	2	450	690	4096	4	143309.60	25030.09	53310.90
2	4	2	450	930	4096	4	133234.22	23585.74	51225.05
2	4	2	450	1170	4096	4	132248.00	23412.16	54083.13
2	4	2	450	1410	4096	4	131821.00	23343.90	66390.62
2	4	2	690	450	4096	4	152909.54	26597.03	55686.34
2	4	2	690	690	4096	4	139741.79	24553.57	51934.38
2	4	2	690	930	4096	4	131239.73	23395.17	50682.02
2	4	2	690	1170	4096	4	129993.45	23178.34	53377.95
2	4	2	690	1410	4096	4	131920.36	23395.42	66476.77
2	4	2	930	450	4096	4	149662.22	26583.48	54793.85
2	4	2	930	690	4096	4	138735.57	24843.12	52145.48
2	4	2	930	930	4096	4	128568.66	23267.03	49941.59
2	4	2	930	1170	4096	4	128137.19	23290.97	52996.16
2	4	2	930	1410	4096	4	126397.16	22998.58	64604.09
2	4	2	1170	450	4096	4	148464.06	27974.36	54760.39
2	4	2	1170	690	4096	4	139538.03	26426.76	52577.11
2	4	2	1170	930	4096	4	129524.02	24892.26	50271.58
2	4	2	1170	1170	4096	4	127562.45	24514.36	52857.17
2	4	2	1170	1410	4096	4	130217.42	24865.80	66026.05
2	4	2	1410	450	4096	4	149466.86	33941.90	55029.75
2	4	2	1410	690	4096	4	139225.73	31924.07	52306.76
2	4	2	1410	930	4096	4	130371.95	30179.03	50486.63
2	4	2	1410	1170	4096	4	127793.67	29729.73	53015.54
2	4	2	1410	1410	4096	4	125250.76	29273.29	64194.34
2	4	2	450	450	4096	8	172635.01	30337.52	62987.56
2	4	2	450	690	4096	8	162460.23	28787.05	60563.06
2	4	2	450	930	4096	8	151876.18	27141.79	58364.76
2	4	2	450	1170	4096	8	150474.75	27029.97	61800.88
2	4	2	450	1410	4096	8	149283.92	26574.33	74815.09
2	4	2	690	450	4096	8	173525.72	30599.82	63443.95
2	4	2	690	690	4096	8	160715.80	28680.36	59979.23
2	4	2	690	930	4096	8	148302.01	26818.52	57445.12
2	4	2	690	1170	4096	8	147368.11	26653.99	60944.24
2	4	2	690	1410	4096	8	147372.26	26605.53	74768.01
2	4	2	930	450	4096	8	170607.76	30582.62	62415.16
2	4	2	930	690	4096	8	162098.44	29054.56	60154.63
2	4	2	930	930	4096	8	147949.29	26995.98	57139.02
2	4	2	930	1170	4096	8	146709.23	26864.51	60608.57
2	4	2	930	1410	4096	8	145548.43	26626.19	74106.56
2	4	2	1170	450	4096	8	169217.15	31962.78	61809.09
2	4	2	1170	690	4096	8	157873.90	30078.02	59217.79
2	4	2	1170	930	4096	8	149483.34	28794.57	57585.08
2	4	2	1170	1170	4096	8	147922.32	28579.93	61057.73
2	4	2	1170	1410	4096	8	146619.33	28394.16	74494.69
2	4	2	1410	450	4096	8	167867.41	38420.88	61503.13
2	4	2	1410	690	4096	8	157967.69	36594.59	59234.34
2	4	2	1410	930	4096	8	148793.52	34858.98	57431.86
2	4	2	1410	1170	4096	8	146985.48	34432.30	60767.38
2	4	2	1410	1410	4096	8	144065.97	33993.30	73498.40
2	4	2	450	450	4096	16	210673.07	37241.82	76597.09
2	4	2	450	690	4096	16	200871.12	35887.09	74574.73
2	4	2	450	930	4096	16	189655.64	34278.01	72715.74
2	4	2	450	1170	4096	16	186889.14	33967.16	76873.45
2	4	2	450	1410	4096	16	186682.03	33829.80	94464.71
2	4	2	690	450	4096	16	208456.48	37140.34	76098.70
2	4	2	690	690	4096	16	198042.23	35723.84	74095.66
2	4	2	690	930	4096	16	185668.07	33888.01	71665.30
2	4	2	690	1170	4096	16	185005.78	33817.24	76506.28
2	4	2	690	1410	4096	16	184008.25	33713.28	93813.29
2	4	2	930	450	4096	16	206011.43	37250.61	75326.36
2	4	2	930	690	4096	16	195257.97	35671.41	73040.55
2	4	2	930	930	4096	16	185427.49	34215.75	71630.77
2	4	2	930	1170	4096	16	183659.84	34009.52	75974.52
2	4	2	930	1410	4096	16	184408.57	34137.21	93416.46
2	4	2	1170	450	4096	16	206124.56	39371.22	75434.31
2	4	2	1170	690	4096	16	195824.70	37825.41	73131.35
2	4	2	1170	930	4096	16	185707.48	36187.02	72018.31
2	4	2	1170	1170	4096	16	182760.46	35866.34	75854.03
2	4	2	1170	1410	4096	16	183341.84	35998.02	93076.95
2	4	2	1410	450	4096	16	207177.64	47840.41	75801.45
2	4	2	1410	690	4096	16	197268.76	46052.02	73779.41
2	4	2	1410	930	4096	16	184496.13	43930.66	71587.49
2	4	2	1410	1170	4096	16	183107.43	43555.05	75996.34
2	4	2	1410	1410	4096	16	182808.49	43561.56	93176.63
2	4	2	690	690	4096	32	270259.00	49458.84	100907.88
2	4	2	690	930	4096	32	257295.72	47604.19	99432.47
2	4	2	690	1170	4096	32	258665.65	47878.05	106479.02
2	4	2	690	1410	4096	32	257977.60	47619.62	130155.27
2	4	2	930	690	4096	32	268553.61	49744.04	100538.05
2	4	2	930	930	4096	32	255745.64	47964.64	99327.31
2	4	2	930	1170	4096	32	253730.80	47687.05	105369.41
2	4	2	930	1410	4096	32	253140.36	47567.29	128964.70
2	4	2	1170	690	4096	32	268005.18	52343.88	100229.71
2	4	2	1170	930	4096	32	255494.59	50533.72	98901.90
2	4	2	1170	1170	4096	32	253817.73	50401.37	105059.32
2	4	2	1170	1410	4096	32	252415.09	50313.17	129112.10
2	4	2	1410	690	4096	32	266651.95	63374.84	99960.41
2	4	2	1410	930	4096	32	254704.25	61509.86	99176.44
2	4	2	1410	1170	4096	32	252411.48	61268.40	104964.05
2	4	2	1410	1410	4096	32	251304.53	61021.05	128764.09
